Date,Open,High,Low,Close,Adj Close,Volume
1995-12-25,,,,,,
1995-12-26,,,,,,
1995-12-27,,,,,,
1995-12-28,,,,,,
1995-12-29,,,,,,
1996-01-01,,,,,,
1996-01-02,,,,,,
1996-01-03,,,,,,
1996-01-04,,,,,,
1996-01-05,,,,,,
1996-01-08,,,,,,
1996-01-09,,,,,,
1996-01-10,,,,,,
1996-01-11,,,,,,
1996-01-12,,,,,,
1996-01-15,,,,,,
1996-01-16,,,,,,
1996-01-17,,,,,,
1996-01-18,,,,,,
1996-01-19,,,,,,
1996-01-22,,,,,,
1996-01-23,,,,,,
1996-01-24,,,,,,
1996-01-25,,,,,,
1996-01-26,,,,,,
1996-01-29,,,,,,
1996-01-30,,,,,,
1996-01-31,,,,,,
1996-02-01,,,,,,
1996-02-02,,,,,,
1996-02-05,,,,,,
1996-02-06,,,,,,
1996-02-07,,,,,,
1996-02-08,,,,,,
1996-02-09,,,,,,
1996-02-12,,,,,,
1996-02-13,,,,,,
1996-02-14,,,,,,
1996-02-15,,,,,,
1996-02-16,,,,,,
1996-02-19,,,,,,
1996-02-20,,,,,,
1996-02-21,,,,,,
1996-02-22,,,,,,
1996-02-23,,,,,,
1996-02-26,,,,,,
1996-02-27,,,,,,
1996-02-28,,,,,,
1996-02-29,,,,,,
1996-03-01,,,,,,
1996-03-04,,,,,,
1996-03-05,,,,,,
1996-03-06,,,,,,
1996-03-07,,,,,,
1996-03-08,,,,,,
1996-03-11,,,,,,
1996-03-12,,,,,,
1996-03-13,,,,,,
1996-03-14,,,,,,
1996-03-15,,,,,,
1996-03-18,,,,,,
1996-03-19,,,,,,
1996-03-20,,,,,,
1996-03-21,,,,,,
1996-03-22,,,,,,
1996-03-25,,,,,,
1996-03-26,,,,,,
1996-03-27,,,,,,
1996-03-28,,,,,,
1996-03-29,,,,,,
1996-04-01,,,,,,
1996-04-02,,,,,,
1996-04-03,,,,,,
1996-04-04,,,,,,
1996-04-05,,,,,,
1996-04-08,,,,,,
1996-04-09,,,,,,
1996-04-10,,,,,,
1996-04-11,,,,,,
1996-04-12,,,,,,
1996-04-15,,,,,,
1996-04-16,,,,,,
1996-04-17,,,,,,
1996-04-18,,,,,,
1996-04-19,,,,,,
1996-04-22,,,,,,
1996-04-23,,,,,,
1996-04-24,,,,,,
1996-04-25,,,,,,
1996-04-26,,,,,,
1996-04-29,,,,,,
1996-04-30,,,,,,
1996-05-01,,,,,,
1996-05-02,,,,,,
1996-05-03,,,,,,
1996-05-06,,,,,,
1996-05-07,,,,,,
1996-05-08,,,,,,
1996-05-09,,,,,,
1996-05-10,,,,,,
1996-05-13,,,,,,
1996-05-14,,,,,,
1996-05-15,,,,,,
1996-05-16,,,,,,
1996-05-17,,,,,,
1996-05-20,,,,,,
1996-05-21,,,,,,
1996-05-22,,,,,,
1996-05-23,,,,,,
1996-05-24,,,,,,
1996-05-27,,,,,,
1996-05-28,,,,,,
1996-05-29,,,,,,
1996-05-30,,,,,,
1996-05-31,,,,,,
1996-06-03,,,,,,
1996-06-04,,,,,,
1996-06-05,,,,,,
1996-06-06,,,,,,
1996-06-07,,,,,,
1996-06-10,,,,,,
1996-06-11,,,,,,
1996-06-12,,,,,,
1996-06-13,,,,,,
1996-06-14,,,,,,
1996-06-17,,,,,,
1996-06-18,,,,,,
1996-06-19,,,,,,
1996-06-20,,,,,,
1996-06-21,,,,,,
1996-06-24,,,,,,
1996-06-25,,,,,,
1996-06-26,,,,,,
1996-06-27,,,,,,
1996-06-28,,,,,,
1996-07-01,,,,,,
1996-07-02,,,,,,
1996-07-03,,,,,,
1996-07-04,,,,,,
1996-07-05,,,,,,
1996-07-08,,,,,,
1996-07-09,,,,,,
1996-07-10,,,,,,
1996-07-11,,,,,,
1996-07-12,,,,,,
1996-07-15,,,,,,
1996-07-16,,,,,,
1996-07-17,,,,,,
1996-07-18,,,,,,
1996-07-19,,,,,,
1996-07-22,,,,,,
1996-07-23,,,,,,
1996-07-24,,,,,,
1996-07-25,,,,,,
1996-07-26,,,,,,
1996-07-29,,,,,,
1996-07-30,,,,,,
1996-07-31,,,,,,
1996-08-01,,,,,,
1996-08-02,,,,,,
1996-08-05,,,,,,
1996-08-06,,,,,,
1996-08-07,,,,,,
1996-08-08,,,,,,
1996-08-09,,,,,,
1996-08-12,,,,,,
1996-08-13,,,,,,
1996-08-14,,,,,,
1996-08-15,,,,,,
1996-08-16,,,,,,
1996-08-19,,,,,,
1996-08-20,,,,,,
1996-08-21,,,,,,
1996-08-22,,,,,,
1996-08-23,,,,,,
1996-08-26,,,,,,
1996-08-27,,,,,,
1996-08-28,,,,,,
1996-08-29,,,,,,
1996-08-30,,,,,,
1996-09-02,,,,,,
1996-09-03,,,,,,
1996-09-04,,,,,,
1996-09-05,,,,,,
1996-09-06,,,,,,
1996-09-09,,,,,,
1996-09-10,,,,,,
1996-09-11,,,,,,
1996-09-12,,,,,,
1996-09-13,,,,,,
1996-09-16,,,,,,
1996-09-17,,,,,,
1996-09-18,,,,,,
1996-09-19,,,,,,
1996-09-20,,,,,,
1996-09-23,,,,,,
1996-09-24,,,,,,
1996-09-25,,,,,,
1996-09-26,,,,,,
1996-09-27,,,,,,
1996-09-30,,,,,,
1996-10-01,,,,,,
1996-10-02,,,,,,
1996-10-03,,,,,,
1996-10-04,,,,,,
1996-10-07,,,,,,
1996-10-08,,,,,,
1996-10-09,,,,,,
1996-10-10,,,,,,
1996-10-11,,,,,,
1996-10-14,,,,,,
1996-10-15,,,,,,
1996-10-16,,,,,,
1996-10-17,,,,,,
1996-10-18,,,,,,
1996-10-21,,,,,,
1996-10-22,,,,,,
1996-10-23,,,,,,
1996-10-24,,,,,,
1996-10-25,,,,,,
1996-10-28,,,,,,
1996-10-29,,,,,,
1996-10-30,,,,,,
1996-10-31,,,,,,
1996-11-01,,,,,,
1996-11-04,,,,,,
1996-11-05,,,,,,
1996-11-06,,,,,,
1996-11-07,,,,,,
1996-11-08,,,,,,
1996-11-11,,,,,,
1996-11-12,,,,,,
1996-11-13,,,,,,
1996-11-14,,,,,,
1996-11-15,,,,,,
1996-11-18,,,,,,
1996-11-19,,,,,,
1996-11-20,,,,,,
1996-11-21,,,,,,
1996-11-22,,,,,,
1996-11-25,,,,,,
1996-11-26,,,,,,
1996-11-27,,,,,,
1996-11-28,,,,,,
1996-11-29,,,,,,
1996-12-02,,,,,,
1996-12-03,,,,,,
1996-12-04,,,,,,
1996-12-05,,,,,,
1996-12-06,,,,,,
1996-12-09,,,,,,
1996-12-10,,,,,,
1996-12-11,,,,,,
1996-12-12,,,,,,
1996-12-13,,,,,,
1996-12-16,,,,,,
1996-12-17,,,,,,
1996-12-18,,,,,,
1996-12-19,,,,,,
1996-12-20,,,,,,
1996-12-23,,,,,,
1996-12-24,,,,,,
1996-12-25,,,,,,
1996-12-26,,,,,,
1996-12-27,,,,,,
1996-12-30,,,,,,
1996-12-31,,,,,,
1997-01-01,,,,,,
1997-01-02,,,,,,
1997-01-03,,,,,,
1997-01-06,,,,,,
1997-01-07,,,,,,
1997-01-08,,,,,,
1997-01-09,,,,,,
1997-01-10,,,,,,
1997-01-13,,,,,,
1997-01-14,,,,,,
1997-01-15,,,,,,
1997-01-16,,,,,,
1997-01-17,,,,,,
1997-01-20,,,,,,
1997-01-21,,,,,,
1997-01-22,,,,,,
1997-01-23,,,,,,
1997-01-24,,,,,,
1997-01-27,,,,,,
1997-01-28,,,,,,
1997-01-29,,,,,,
1997-01-30,,,,,,
1997-01-31,,,,,,
1997-02-03,,,,,,
1997-02-04,,,,,,
1997-02-05,,,,,,
1997-02-06,,,,,,
1997-02-07,,,,,,
1997-02-10,,,,,,
1997-02-11,,,,,,
1997-02-12,,,,,,
1997-02-13,,,,,,
1997-02-14,,,,,,
1997-02-17,,,,,,
1997-02-18,,,,,,
1997-02-19,,,,,,
1997-02-20,,,,,,
1997-02-21,,,,,,
1997-02-24,,,,,,
1997-02-25,,,,,,
1997-02-26,,,,,,
1997-02-27,,,,,,
1997-02-28,,,,,,
1997-03-03,,,,,,
1997-03-04,,,,,,
1997-03-05,,,,,,
1997-03-06,,,,,,
1997-03-07,,,,,,
1997-03-10,,,,,,
1997-03-11,,,,,,
1997-03-12,,,,,,
1997-03-13,,,,,,
1997-03-14,,,,,,
1997-03-17,,,,,,
1997-03-18,,,,,,
1997-03-19,,,,,,
1997-03-20,,,,,,
1997-03-21,,,,,,
1997-03-24,,,,,,
1997-03-25,,,,,,
1997-03-26,,,,,,
1997-03-27,,,,,,
1997-03-28,,,,,,
1997-03-31,,,,,,
1997-04-01,,,,,,
1997-04-02,,,,,,
1997-04-03,,,,,,
1997-04-04,,,,,,
1997-04-07,,,,,,
1997-04-08,,,,,,
1997-04-09,,,,,,
1997-04-10,,,,,,
1997-04-11,,,,,,
1997-04-14,,,,,,
1997-04-15,,,,,,
1997-04-16,,,,,,
1997-04-17,,,,,,
1997-04-18,,,,,,
1997-04-21,,,,,,
1997-04-22,,,,,,
1997-04-23,,,,,,
1997-04-24,,,,,,
1997-04-25,,,,,,
1997-04-28,,,,,,
1997-04-29,,,,,,
1997-04-30,,,,,,
1997-05-01,,,,,,
1997-05-02,,,,,,
1997-05-05,,,,,,
1997-05-06,,,,,,
1997-05-07,,,,,,
1997-05-08,,,,,,
1997-05-09,,,,,,
1997-05-12,,,,,,
1997-05-13,,,,,,
1997-05-14,,,,,,
1997-05-15,,,,,,
1997-05-16,,,,,,
1997-05-19,,,,,,
1997-05-20,,,,,,
1997-05-21,,,,,,
1997-05-22,,,,,,
1997-05-23,,,,,,
1997-05-26,,,,,,
1997-05-27,,,,,,
1997-05-28,,,,,,
1997-05-29,,,,,,
1997-05-30,,,,,,
1997-06-02,,,,,,
1997-06-03,,,,,,
1997-06-04,,,,,,
1997-06-05,,,,,,
1997-06-06,,,,,,
1997-06-09,,,,,,
1997-06-10,,,,,,
1997-06-11,,,,,,
1997-06-12,,,,,,
1997-06-13,,,,,,
1997-06-16,,,,,,
1997-06-17,,,,,,
1997-06-18,,,,,,
1997-06-19,,,,,,
1997-06-20,,,,,,
1997-06-23,,,,,,
1997-06-24,,,,,,
1997-06-25,,,,,,
1997-06-26,,,,,,
1997-06-27,,,,,,
1997-06-30,,,,,,
1997-07-01,,,,,,
1997-07-02,,,,,,
1997-07-03,,,,,,
1997-07-04,,,,,,
1997-07-07,,,,,,
1997-07-08,,,,,,
1997-07-09,,,,,,
1997-07-10,,,,,,
1997-07-11,,,,,,
1997-07-14,,,,,,
1997-07-15,,,,,,
1997-07-16,,,,,,
1997-07-17,,,,,,
1997-07-18,,,,,,
1997-07-21,,,,,,
1997-07-22,,,,,,
1997-07-23,,,,,,
1997-07-24,,,,,,
1997-07-25,,,,,,
1997-07-28,,,,,,
1997-07-29,,,,,,
1997-07-30,,,,,,
1997-07-31,,,,,,
1997-08-01,,,,,,
1997-08-04,,,,,,
1997-08-05,,,,,,
1997-08-06,,,,,,
1997-08-07,,,,,,
1997-08-08,,,,,,
1997-08-11,,,,,,
1997-08-12,,,,,,
1997-08-13,,,,,,
1997-08-14,,,,,,
1997-08-15,,,,,,
1997-08-18,,,,,,
1997-08-19,,,,,,
1997-08-20,,,,,,
1997-08-21,,,,,,
1997-08-22,,,,,,
1997-08-25,,,,,,
1997-08-26,,,,,,
1997-08-27,,,,,,
1997-08-28,,,,,,
1997-08-29,,,,,,
1997-09-01,,,,,,
1997-09-02,,,,,,
1997-09-03,,,,,,
1997-09-04,,,,,,
1997-09-05,,,,,,
1997-09-08,,,,,,
1997-09-09,,,,,,
1997-09-10,,,,,,
1997-09-11,,,,,,
1997-09-12,,,,,,
1997-09-15,,,,,,
1997-09-16,,,,,,
1997-09-17,,,,,,
1997-09-18,,,,,,
1997-09-19,,,,,,
1997-09-22,,,,,,
1997-09-23,,,,,,
1997-09-24,,,,,,
1997-09-25,,,,,,
1997-09-26,,,,,,
1997-09-29,,,,,,
1997-09-30,,,,,,
1997-10-01,,,,,,
1997-10-02,,,,,,
1997-10-03,,,,,,
1997-10-06,,,,,,
1997-10-07,,,,,,
1997-10-08,,,,,,
1997-10-09,,,,,,
1997-10-10,,,,,,
1997-10-13,,,,,,
1997-10-14,,,,,,
1997-10-15,,,,,,
1997-10-16,,,,,,
1997-10-17,,,,,,
1997-10-20,,,,,,
1997-10-21,,,,,,
1997-10-22,,,,,,
1997-10-23,,,,,,
1997-10-24,,,,,,
1997-10-27,,,,,,
1997-10-28,,,,,,
1997-10-29,,,,,,
1997-10-30,,,,,,
1997-10-31,,,,,,
1997-11-03,,,,,,
1997-11-04,,,,,,
1997-11-05,,,,,,
1997-11-06,,,,,,
1997-11-07,,,,,,
1997-11-10,,,,,,
1997-11-11,,,,,,
1997-11-12,,,,,,
1997-11-13,,,,,,
1997-11-14,,,,,,
1997-11-17,,,,,,
1997-11-18,,,,,,
1997-11-19,,,,,,
1997-11-20,,,,,,
1997-11-21,,,,,,
1997-11-24,,,,,,
1997-11-25,,,,,,
1997-11-26,,,,,,
1997-11-27,,,,,,
1997-11-28,,,,,,
1997-12-01,,,,,,
1997-12-02,,,,,,
1997-12-03,,,,,,
1997-12-04,,,,,,
1997-12-05,,,,,,
1997-12-08,,,,,,
1997-12-09,,,,,,
1997-12-10,,,,,,
1997-12-11,,,,,,
1997-12-12,,,,,,
1997-12-15,,,,,,
1997-12-16,,,,,,
1997-12-17,,,,,,
1997-12-18,,,,,,
1997-12-19,,,,,,
1997-12-22,,,,,,
1997-12-23,,,,,,
1997-12-24,,,,,,
1997-12-25,,,,,,
1997-12-26,,,,,,
1997-12-29,,,,,,
1997-12-30,,,,,,
1997-12-31,,,,,,
1998-01-01,,,,,,
1998-01-02,,,,,,
1998-01-05,,,,,,
1998-01-06,,,,,,
1998-01-07,,,,,,
1998-01-08,,,,,,
1998-01-09,,,,,,
1998-01-12,,,,,,
1998-01-13,,,,,,
1998-01-14,,,,,,
1998-01-15,,,,,,
1998-01-16,,,,,,
1998-01-19,,,,,,
1998-01-20,,,,,,
1998-01-21,,,,,,
1998-01-22,,,,,,
1998-01-23,,,,,,
1998-01-26,,,,,,
1998-01-27,,,,,,
1998-01-28,,,,,,
1998-01-29,,,,,,
1998-01-30,,,,,,
1998-02-02,,,,,,
1998-02-03,,,,,,
1998-02-04,,,,,,
1998-02-05,,,,,,
1998-02-06,,,,,,
1998-02-09,,,,,,
1998-02-10,,,,,,
1998-02-11,,,,,,
1998-02-12,,,,,,
1998-02-13,,,,,,
1998-02-16,,,,,,
1998-02-17,,,,,,
1998-02-18,,,,,,
1998-02-19,,,,,,
1998-02-20,,,,,,
1998-02-23,,,,,,
1998-02-24,,,,,,
1998-02-25,,,,,,
1998-02-26,,,,,,
1998-02-27,,,,,,
1998-03-02,,,,,,
1998-03-03,,,,,,
1998-03-04,,,,,,
1998-03-05,,,,,,
1998-03-06,,,,,,
1998-03-09,,,,,,
1998-03-10,,,,,,
1998-03-11,,,,,,
1998-03-12,,,,,,
1998-03-13,,,,,,
1998-03-16,,,,,,
1998-03-17,,,,,,
1998-03-18,,,,,,
1998-03-19,,,,,,
1998-03-20,,,,,,
1998-03-23,,,,,,
1998-03-24,,,,,,
1998-03-25,,,,,,
1998-03-26,,,,,,
1998-03-27,,,,,,
1998-03-30,,,,,,
1998-03-31,,,,,,
1998-04-01,,,,,,
1998-04-02,,,,,,
1998-04-03,,,,,,
1998-04-06,,,,,,
1998-04-07,,,,,,
1998-04-08,,,,,,
1998-04-09,,,,,,
1998-04-10,,,,,,
1998-04-13,,,,,,
1998-04-14,,,,,,
1998-04-15,,,,,,
1998-04-16,,,,,,
1998-04-17,,,,,,
1998-04-20,,,,,,
1998-04-21,,,,,,
1998-04-22,,,,,,
1998-04-23,,,,,,
1998-04-24,,,,,,
1998-04-27,,,,,,
1998-04-28,,,,,,
1998-04-29,,,,,,
1998-04-30,,,,,,
1998-05-01,,,,,,
1998-05-04,,,,,,
1998-05-05,,,,,,
1998-05-06,,,,,,
1998-05-07,,,,,,
1998-05-08,,,,,,
1998-05-11,,,,,,
1998-05-12,,,,,,
1998-05-13,,,,,,
1998-05-14,,,,,,
1998-05-15,,,,,,
1998-05-18,,,,,,
1998-05-19,,,,,,
1998-05-20,,,,,,
1998-05-21,,,,,,
1998-05-22,,,,,,
1998-05-25,,,,,,
1998-05-26,,,,,,
1998-05-27,,,,,,
1998-05-28,,,,,,
1998-05-29,,,,,,
1998-06-01,,,,,,
1998-06-02,,,,,,
1998-06-03,,,,,,
1998-06-04,,,,,,
1998-06-05,,,,,,
1998-06-08,,,,,,
1998-06-09,,,,,,
1998-06-10,,,,,,
1998-06-11,,,,,,
1998-06-12,,,,,,
1998-06-15,,,,,,
1998-06-16,,,,,,
1998-06-17,,,,,,
1998-06-18,,,,,,
1998-06-19,,,,,,
1998-06-22,,,,,,
1998-06-23,,,,,,
1998-06-24,,,,,,
1998-06-25,,,,,,
1998-06-26,,,,,,
1998-06-29,,,,,,
1998-06-30,,,,,,
1998-07-01,,,,,,
1998-07-02,,,,,,
1998-07-03,,,,,,
1998-07-06,,,,,,
1998-07-07,,,,,,
1998-07-08,,,,,,
1998-07-09,,,,,,
1998-07-10,,,,,,
1998-07-13,,,,,,
1998-07-14,,,,,,
1998-07-15,,,,,,
1998-07-16,,,,,,
1998-07-17,,,,,,
1998-07-20,,,,,,
1998-07-21,,,,,,
1998-07-22,,,,,,
1998-07-23,,,,,,
1998-07-24,,,,,,
1998-07-27,,,,,,
1998-07-28,,,,,,
1998-07-29,,,,,,
1998-07-30,,,,,,
1998-07-31,,,,,,
1998-08-03,,,,,,
1998-08-04,,,,,,
1998-08-05,,,,,,
1998-08-06,,,,,,
1998-08-07,,,,,,
1998-08-10,,,,,,
1998-08-11,,,,,,
1998-08-12,,,,,,
1998-08-13,,,,,,
1998-08-14,,,,,,
1998-08-17,,,,,,
1998-08-18,,,,,,
1998-08-19,,,,,,
1998-08-20,,,,,,
1998-08-21,,,,,,
1998-08-24,,,,,,
1998-08-25,,,,,,
1998-08-26,,,,,,
1998-08-27,,,,,,
1998-08-28,,,,,,
1998-08-31,,,,,,
1998-09-01,,,,,,
1998-09-02,,,,,,
1998-09-03,,,,,,
1998-09-04,,,,,,
1998-09-07,,,,,,
1998-09-08,,,,,,
1998-09-09,,,,,,
1998-09-10,,,,,,
1998-09-11,,,,,,
1998-09-14,,,,,,
1998-09-15,,,,,,
1998-09-16,,,,,,
1998-09-17,,,,,,
1998-09-18,,,,,,
1998-09-21,,,,,,
1998-09-22,,,,,,
1998-09-23,,,,,,
1998-09-24,,,,,,
1998-09-25,,,,,,
1998-09-28,,,,,,
1998-09-29,,,,,,
1998-09-30,,,,,,
1998-10-01,,,,,,
1998-10-02,,,,,,
1998-10-05,,,,,,
1998-10-06,,,,,,
1998-10-07,,,,,,
1998-10-08,,,,,,
1998-10-09,,,,,,
1998-10-12,,,,,,
1998-10-13,,,,,,
1998-10-14,,,,,,
1998-10-15,,,,,,
1998-10-16,,,,,,
1998-10-19,,,,,,
1998-10-20,,,,,,
1998-10-21,,,,,,
1998-10-22,,,,,,
1998-10-23,,,,,,
1998-10-26,,,,,,
1998-10-27,,,,,,
1998-10-28,,,,,,
1998-10-29,,,,,,
1998-10-30,,,,,,
1998-11-02,,,,,,
1998-11-03,,,,,,
1998-11-04,,,,,,
1998-11-05,,,,,,
1998-11-06,,,,,,
1998-11-09,,,,,,
1998-11-10,,,,,,
1998-11-11,,,,,,
1998-11-12,,,,,,
1998-11-13,,,,,,
1998-11-16,,,,,,
1998-11-17,,,,,,
1998-11-18,,,,,,
1998-11-19,,,,,,
1998-11-20,,,,,,
1998-11-23,,,,,,
1998-11-24,,,,,,
1998-11-25,,,,,,
1998-11-26,,,,,,
1998-11-27,,,,,,
1998-11-30,,,,,,
1998-12-01,,,,,,
1998-12-02,,,,,,
1998-12-03,,,,,,
1998-12-04,,,,,,
1998-12-07,,,,,,
1998-12-08,,,,,,
1998-12-09,,,,,,
1998-12-10,,,,,,
1998-12-11,,,,,,
1998-12-14,,,,,,
1998-12-15,,,,,,
1998-12-16,,,,,,
1998-12-17,,,,,,
1998-12-18,,,,,,
1998-12-21,,,,,,
1998-12-22,,,,,,
1998-12-23,,,,,,
1998-12-24,,,,,,
1998-12-25,,,,,,
1998-12-28,,,,,,
1998-12-29,,,,,,
1998-12-30,,,,,,
1998-12-31,,,,,,
1999-01-01,,,,,,
1999-01-04,,,,,,
1999-01-05,,,,,,
1999-01-06,,,,,,
1999-01-07,,,,,,
1999-01-08,,,,,,
1999-01-11,,,,,,
1999-01-12,,,,,,
1999-01-13,,,,,,
1999-01-14,,,,,,
1999-01-15,,,,,,
1999-01-18,,,,,,
1999-01-19,,,,,,
1999-01-20,,,,,,
1999-01-21,,,,,,
1999-01-22,,,,,,
1999-01-25,,,,,,
1999-01-26,,,,,,
1999-01-27,,,,,,
1999-01-28,,,,,,
1999-01-29,,,,,,
1999-02-01,,,,,,
1999-02-02,,,,,,
1999-02-03,,,,,,
1999-02-04,,,,,,
1999-02-05,,,,,,
1999-02-08,,,,,,
1999-02-09,,,,,,
1999-02-10,,,,,,
1999-02-11,,,,,,
1999-02-12,,,,,,
1999-02-15,,,,,,
1999-02-16,,,,,,
1999-02-17,,,,,,
1999-02-18,,,,,,
1999-02-19,,,,,,
1999-02-22,,,,,,
1999-02-23,,,,,,
1999-02-24,,,,,,
1999-02-25,,,,,,
1999-02-26,,,,,,
1999-03-01,,,,,,
1999-03-02,,,,,,
1999-03-03,,,,,,
1999-03-04,,,,,,
1999-03-05,,,,,,
1999-03-08,,,,,,
1999-03-09,,,,,,
1999-03-10,,,,,,
1999-03-11,,,,,,
1999-03-12,,,,,,
1999-03-15,,,,,,
1999-03-16,,,,,,
1999-03-17,,,,,,
1999-03-18,,,,,,
1999-03-19,,,,,,
1999-03-22,,,,,,
1999-03-23,,,,,,
1999-03-24,,,,,,
1999-03-25,,,,,,
1999-03-26,,,,,,
1999-03-29,,,,,,
1999-03-30,,,,,,
1999-03-31,,,,,,
1999-04-01,,,,,,
1999-04-02,,,,,,
1999-04-05,,,,,,
1999-04-06,,,,,,
1999-04-07,,,,,,
1999-04-08,,,,,,
1999-04-09,,,,,,
1999-04-12,,,,,,
1999-04-13,,,,,,
1999-04-14,,,,,,
1999-04-15,,,,,,
1999-04-16,,,,,,
1999-04-19,,,,,,
1999-04-20,,,,,,
1999-04-21,,,,,,
1999-04-22,,,,,,
1999-04-23,,,,,,
1999-04-26,,,,,,
1999-04-27,,,,,,
1999-04-28,,,,,,
1999-04-29,,,,,,
1999-04-30,,,,,,
1999-05-03,,,,,,
1999-05-04,,,,,,
1999-05-05,,,,,,
1999-05-06,,,,,,
1999-05-07,,,,,,
1999-05-10,,,,,,
1999-05-11,,,,,,
1999-05-12,,,,,,
1999-05-13,,,,,,
1999-05-14,,,,,,
1999-05-17,,,,,,
1999-05-18,,,,,,
1999-05-19,,,,,,
1999-05-20,,,,,,
1999-05-21,,,,,,
1999-05-24,,,,,,
1999-05-25,,,,,,
1999-05-26,,,,,,
1999-05-27,,,,,,
1999-05-28,,,,,,
1999-05-31,,,,,,
1999-06-01,,,,,,
1999-06-02,,,,,,
1999-06-03,,,,,,
1999-06-04,,,,,,
1999-06-07,,,,,,
1999-06-08,,,,,,
1999-06-09,,,,,,
1999-06-10,,,,,,
1999-06-11,,,,,,
1999-06-14,,,,,,
1999-06-15,,,,,,
1999-06-16,,,,,,
1999-06-17,,,,,,
1999-06-18,,,,,,
1999-06-21,,,,,,
1999-06-22,,,,,,
1999-06-23,,,,,,
1999-06-24,,,,,,
1999-06-25,,,,,,
1999-06-28,,,,,,
1999-06-29,,,,,,
1999-06-30,,,,,,
1999-07-01,,,,,,
1999-07-02,,,,,,
1999-07-05,,,,,,
1999-07-06,,,,,,
1999-07-07,,,,,,
1999-07-08,,,,,,
1999-07-09,,,,,,
1999-07-12,,,,,,
1999-07-13,,,,,,
1999-07-14,,,,,,
1999-07-15,,,,,,
1999-07-16,,,,,,
1999-07-19,,,,,,
1999-07-20,,,,,,
1999-07-21,,,,,,
1999-07-22,,,,,,
1999-07-23,,,,,,
1999-07-26,,,,,,
1999-07-27,,,,,,
1999-07-28,,,,,,
1999-07-29,,,,,,
1999-07-30,,,,,,
1999-08-02,,,,,,
1999-08-03,,,,,,
1999-08-04,,,,,,
1999-08-05,,,,,,
1999-08-06,,,,,,
1999-08-09,,,,,,
1999-08-10,,,,,,
1999-08-11,,,,,,
1999-08-12,,,,,,
1999-08-13,,,,,,
1999-08-16,,,,,,
1999-08-17,,,,,,
1999-08-18,,,,,,
1999-08-19,,,,,,
1999-08-20,,,,,,
1999-08-23,,,,,,
1999-08-24,,,,,,
1999-08-25,,,,,,
1999-08-26,,,,,,
1999-08-27,,,,,,
1999-08-30,,,,,,
1999-08-31,,,,,,
1999-09-01,,,,,,
1999-09-02,,,,,,
1999-09-03,,,,,,
1999-09-06,,,,,,
1999-09-07,,,,,,
1999-09-08,,,,,,
1999-09-09,,,,,,
1999-09-10,,,,,,
1999-09-13,,,,,,
1999-09-14,,,,,,
1999-09-15,,,,,,
1999-09-16,,,,,,
1999-09-17,,,,,,
1999-09-20,,,,,,
1999-09-21,,,,,,
1999-09-22,,,,,,
1999-09-23,,,,,,
1999-09-24,,,,,,
1999-09-27,,,,,,
1999-09-28,,,,,,
1999-09-29,,,,,,
1999-09-30,,,,,,
1999-10-01,,,,,,
1999-10-04,,,,,,
1999-10-05,,,,,,
1999-10-06,,,,,,
1999-10-07,,,,,,
1999-10-08,,,,,,
1999-10-11,,,,,,
1999-10-12,,,,,,
1999-10-13,,,,,,
1999-10-14,,,,,,
1999-10-15,,,,,,
1999-10-18,,,,,,
1999-10-19,,,,,,
1999-10-20,,,,,,
1999-10-21,,,,,,
1999-10-22,,,,,,
1999-10-25,,,,,,
1999-10-26,,,,,,
1999-10-27,,,,,,
1999-10-28,,,,,,
1999-10-29,,,,,,
1999-11-01,,,,,,
1999-11-02,,,,,,
1999-11-03,,,,,,
1999-11-04,,,,,,
1999-11-05,,,,,,
1999-11-08,,,,,,
1999-11-09,,,,,,
1999-11-10,,,,,,
1999-11-11,,,,,,
1999-11-12,,,,,,
1999-11-15,,,,,,
1999-11-16,,,,,,
1999-11-17,,,,,,
1999-11-18,,,,,,
1999-11-19,,,,,,
1999-11-22,,,,,,
1999-11-23,,,,,,
1999-11-24,,,,,,
1999-11-25,,,,,,
1999-11-26,,,,,,
1999-11-29,,,,,,
1999-11-30,,,,,,
1999-12-01,,,,,,
1999-12-02,,,,,,
1999-12-03,,,,,,
1999-12-06,,,,,,
1999-12-07,,,,,,
1999-12-08,,,,,,
1999-12-09,,,,,,
1999-12-10,,,,,,
1999-12-13,,,,,,
1999-12-14,,,,,,
1999-12-15,,,,,,
1999-12-16,,,,,,
1999-12-17,,,,,,
1999-12-20,,,,,,
1999-12-21,,,,,,
1999-12-22,,,,,,
1999-12-23,,,,,,
1999-12-24,,,,,,
1999-12-27,,,,,,
1999-12-28,,,,,,
1999-12-29,,,,,,
1999-12-30,,,,,,
1999-12-31,,,,,,
2000-01-03,,,,,,
2000-01-04,,,,,,
2000-01-05,,,,,,
2000-01-06,,,,,,
2000-01-07,,,,,,
2000-01-10,,,,,,
2000-01-11,,,,,,
2000-01-12,,,,,,
2000-01-13,,,,,,
2000-01-14,,,,,,
2000-01-17,,,,,,
2000-01-18,,,,,,
2000-01-19,,,,,,
2000-01-20,,,,,,
2000-01-21,,,,,,
2000-01-24,,,,,,
2000-01-25,,,,,,
2000-01-26,,,,,,
2000-01-27,,,,,,
2000-01-28,,,,,,
2000-01-31,,,,,,
2000-02-01,,,,,,
2000-02-02,,,,,,
2000-02-03,,,,,,
2000-02-04,,,,,,
2000-02-07,,,,,,
2000-02-08,,,,,,
2000-02-09,,,,,,
2000-02-10,,,,,,
2000-02-11,,,,,,
2000-02-14,,,,,,
2000-02-15,,,,,,
2000-02-16,,,,,,
2000-02-17,,,,,,
2000-02-18,,,,,,
2000-02-21,,,,,,
2000-02-22,,,,,,
2000-02-23,,,,,,
2000-02-24,,,,,,
2000-02-25,,,,,,
2000-02-28,,,,,,
2000-02-29,,,,,,
2000-03-01,,,,,,
2000-03-02,,,,,,
2000-03-03,,,,,,
2000-03-06,,,,,,
2000-03-07,,,,,,
2000-03-08,,,,,,
2000-03-09,,,,,,
2000-03-10,,,,,,
2000-03-13,,,,,,
2000-03-14,,,,,,
2000-03-15,,,,,,
2000-03-16,,,,,,
2000-03-17,,,,,,
2000-03-20,,,,,,
2000-03-21,,,,,,
2000-03-22,,,,,,
2000-03-23,,,,,,
2000-03-24,,,,,,
2000-03-27,,,,,,
2000-03-28,,,,,,
2000-03-29,,,,,,
2000-03-30,,,,,,
2000-03-31,,,,,,
2000-04-03,,,,,,
2000-04-04,,,,,,
2000-04-05,,,,,,
2000-04-06,,,,,,
2000-04-07,,,,,,
2000-04-10,,,,,,
2000-04-11,,,,,,
2000-04-12,,,,,,
2000-04-13,,,,,,
2000-04-14,,,,,,
2000-04-17,,,,,,
2000-04-18,,,,,,
2000-04-19,,,,,,
2000-04-20,,,,,,
2000-04-21,,,,,,
2000-04-24,,,,,,
2000-04-25,,,,,,
2000-04-26,,,,,,
2000-04-27,,,,,,
2000-04-28,,,,,,
2000-05-01,,,,,,
2000-05-02,,,,,,
2000-05-03,,,,,,
2000-05-04,,,,,,
2000-05-05,,,,,,
2000-05-08,,,,,,
2000-05-09,,,,,,
2000-05-10,,,,,,
2000-05-11,,,,,,
2000-05-12,,,,,,
2000-05-15,,,,,,
2000-05-16,,,,,,
2000-05-17,,,,,,
2000-05-18,,,,,,
2000-05-19,,,,,,
2000-05-22,,,,,,
2000-05-23,,,,,,
2000-05-24,,,,,,
2000-05-25,,,,,,
2000-05-26,,,,,,
2000-05-29,,,,,,
2000-05-30,,,,,,
2000-05-31,,,,,,
2000-06-01,,,,,,
2000-06-02,,,,,,
2000-06-05,,,,,,
2000-06-06,,,,,,
2000-06-07,,,,,,
2000-06-08,,,,,,
2000-06-09,,,,,,
2000-06-12,,,,,,
2000-06-13,,,,,,
2000-06-14,,,,,,
2000-06-15,,,,,,
2000-06-16,,,,,,
2000-06-19,,,,,,
2000-06-20,,,,,,
2000-06-21,,,,,,
2000-06-22,,,,,,
2000-06-23,,,,,,
2000-06-26,,,,,,
2000-06-27,,,,,,
2000-06-28,,,,,,
2000-06-29,,,,,,
2000-06-30,,,,,,
2000-07-03,,,,,,
2000-07-04,,,,,,
2000-07-05,,,,,,
2000-07-06,,,,,,
2000-07-07,,,,,,
2000-07-10,,,,,,
2000-07-11,,,,,,
2000-07-12,,,,,,
2000-07-13,,,,,,
2000-07-14,,,,,,
2000-07-17,,,,,,
2000-07-18,,,,,,
2000-07-19,,,,,,
2000-07-20,,,,,,
2000-07-21,,,,,,
2000-07-24,,,,,,
2000-07-25,,,,,,
2000-07-26,,,,,,
2000-07-27,,,,,,
2000-07-28,,,,,,
2000-07-31,,,,,,
2000-08-01,,,,,,
2000-08-02,,,,,,
2000-08-03,,,,,,
2000-08-04,,,,,,
2000-08-07,,,,,,
2000-08-08,,,,,,
2000-08-09,,,,,,
2000-08-10,,,,,,
2000-08-11,,,,,,
2000-08-14,,,,,,
2000-08-15,,,,,,
2000-08-16,,,,,,
2000-08-17,,,,,,
2000-08-18,,,,,,
2000-08-21,,,,,,
2000-08-22,,,,,,
2000-08-23,,,,,,
2000-08-24,,,,,,
2000-08-25,,,,,,
2000-08-28,,,,,,
2000-08-29,,,,,,
2000-08-30,,,,,,
2000-08-31,,,,,,
2000-09-01,,,,,,
2000-09-04,,,,,,
2000-09-05,,,,,,
2000-09-06,,,,,,
2000-09-07,,,,,,
2000-09-08,,,,,,
2000-09-11,,,,,,
2000-09-12,,,,,,
2000-09-13,,,,,,
2000-09-14,,,,,,
2000-09-15,,,,,,
2000-09-18,,,,,,
2000-09-19,,,,,,
2000-09-20,,,,,,
2000-09-21,,,,,,
2000-09-22,,,,,,
2000-09-25,,,,,,
2000-09-26,,,,,,
2000-09-27,,,,,,
2000-09-28,,,,,,
2000-09-29,,,,,,
2000-10-02,,,,,,
2000-10-03,,,,,,
2000-10-04,,,,,,
2000-10-05,,,,,,
2000-10-06,,,,,,
2000-10-09,,,,,,
2000-10-10,,,,,,
2000-10-11,,,,,,
2000-10-12,,,,,,
2000-10-13,,,,,,
2000-10-16,,,,,,
2000-10-17,,,,,,
2000-10-18,,,,,,
2000-10-19,,,,,,
2000-10-20,,,,,,
2000-10-23,,,,,,
2000-10-24,,,,,,
2000-10-25,,,,,,
2000-10-26,,,,,,
2000-10-27,,,,,,
2000-10-30,,,,,,
2000-10-31,,,,,,
2000-11-01,,,,,,
2000-11-02,,,,,,
2000-11-03,,,,,,
2000-11-06,,,,,,
2000-11-07,,,,,,
2000-11-08,,,,,,
2000-11-09,,,,,,
2000-11-10,,,,,,
2000-11-13,,,,,,
2000-11-14,,,,,,
2000-11-15,,,,,,
2000-11-16,,,,,,
2000-11-17,,,,,,
2000-11-20,,,,,,
2000-11-21,,,,,,
2000-11-22,,,,,,
2000-11-23,,,,,,
2000-11-24,,,,,,
2000-11-27,,,,,,
2000-11-28,,,,,,
2000-11-29,,,,,,
2000-11-30,,,,,,
2000-12-01,,,,,,
2000-12-04,,,,,,
2000-12-05,,,,,,
2000-12-06,,,,,,
2000-12-07,,,,,,
2000-12-08,,,,,,
2000-12-11,,,,,,
2000-12-12,,,,,,
2000-12-13,,,,,,
2000-12-14,,,,,,
2000-12-15,,,,,,
2000-12-18,,,,,,
2000-12-19,,,,,,
2000-12-20,,,,,,
2000-12-21,,,,,,
2000-12-22,,,,,,
2000-12-25,,,,,,
2000-12-26,,,,,,
2000-12-27,,,,,,
2000-12-28,,,,,,
2000-12-29,,,,,,
2001-01-01,,,,,,
2001-01-02,,,,,,
2001-01-03,,,,,,
2001-01-04,,,,,,
2001-01-05,,,,,,
2001-01-08,,,,,,
2001-01-09,,,,,,
2001-01-10,,,,,,
2001-01-11,,,,,,
2001-01-12,,,,,,
2001-01-15,,,,,,
2001-01-16,,,,,,
2001-01-17,,,,,,
2001-01-18,,,,,,
2001-01-19,,,,,,
2001-01-22,,,,,,
2001-01-23,,,,,,
2001-01-24,,,,,,
2001-01-25,,,,,,
2001-01-26,,,,,,
2001-01-29,,,,,,
2001-01-30,,,,,,
2001-01-31,,,,,,
2001-02-01,,,,,,
2001-02-02,,,,,,
2001-02-05,,,,,,
2001-02-06,,,,,,
2001-02-07,,,,,,
2001-02-08,,,,,,
2001-02-09,,,,,,
2001-02-12,,,,,,
2001-02-13,,,,,,
2001-02-14,,,,,,
2001-02-15,,,,,,
2001-02-16,,,,,,
2001-02-19,,,,,,
2001-02-20,,,,,,
2001-02-21,,,,,,
2001-02-22,,,,,,
2001-02-23,,,,,,
2001-02-26,,,,,,
2001-02-27,,,,,,
2001-02-28,,,,,,
2001-03-01,,,,,,
2001-03-02,,,,,,
2001-03-05,,,,,,
2001-03-06,,,,,,
2001-03-07,,,,,,
2001-03-08,,,,,,
2001-03-09,,,,,,
2001-03-12,,,,,,
2001-03-13,,,,,,
2001-03-14,,,,,,
2001-03-15,,,,,,
2001-03-16,,,,,,
2001-03-19,,,,,,
2001-03-20,,,,,,
2001-03-21,,,,,,
2001-03-22,,,,,,
2001-03-23,,,,,,
2001-03-26,,,,,,
2001-03-27,,,,,,
2001-03-28,,,,,,
2001-03-29,,,,,,
2001-03-30,,,,,,
2001-04-02,,,,,,
2001-04-03,,,,,,
2001-04-04,,,,,,
2001-04-05,,,,,,
2001-04-06,,,,,,
2001-04-09,,,,,,
2001-04-10,,,,,,
2001-04-11,,,,,,
2001-04-12,,,,,,
2001-04-13,,,,,,
2001-04-16,,,,,,
2001-04-17,,,,,,
2001-04-18,,,,,,
2001-04-19,,,,,,
2001-04-20,,,,,,
2001-04-23,,,,,,
2001-04-24,,,,,,
2001-04-25,,,,,,
2001-04-26,,,,,,
2001-04-27,,,,,,
2001-04-30,,,,,,
2001-05-01,,,,,,
2001-05-02,,,,,,
2001-05-03,,,,,,
2001-05-04,,,,,,
2001-05-07,,,,,,
2001-05-08,,,,,,
2001-05-09,,,,,,
2001-05-10,,,,,,
2001-05-11,,,,,,
2001-05-14,,,,,,
2001-05-15,,,,,,
2001-05-16,,,,,,
2001-05-17,,,,,,
2001-05-18,,,,,,
2001-05-21,,,,,,
2001-05-22,,,,,,
2001-05-23,,,,,,
2001-05-24,,,,,,
2001-05-25,,,,,,
2001-05-28,,,,,,
2001-05-29,,,,,,
2001-05-30,,,,,,
2001-05-31,,,,,,
2001-06-01,,,,,,
2001-06-04,,,,,,
2001-06-05,,,,,,
2001-06-06,,,,,,
2001-06-07,,,,,,
2001-06-08,,,,,,
2001-06-11,,,,,,
2001-06-12,,,,,,
2001-06-13,,,,,,
2001-06-14,,,,,,
2001-06-15,,,,,,
2001-06-18,,,,,,
2001-06-19,,,,,,
2001-06-20,,,,,,
2001-06-21,,,,,,
2001-06-22,,,,,,
2001-06-25,,,,,,
2001-06-26,,,,,,
2001-06-27,,,,,,
2001-06-28,,,,,,
2001-06-29,,,,,,
2001-07-02,,,,,,
2001-07-03,,,,,,
2001-07-04,,,,,,
2001-07-05,,,,,,
2001-07-06,,,,,,
2001-07-09,,,,,,
2001-07-10,,,,,,
2001-07-11,,,,,,
2001-07-12,,,,,,
2001-07-13,,,,,,
2001-07-16,,,,,,
2001-07-17,,,,,,
2001-07-18,,,,,,
2001-07-19,,,,,,
2001-07-20,,,,,,
2001-07-23,,,,,,
2001-07-24,,,,,,
2001-07-25,,,,,,
2001-07-26,,,,,,
2001-07-27,,,,,,
2001-07-30,,,,,,
2001-07-31,,,,,,
2001-08-01,,,,,,
2001-08-02,,,,,,
2001-08-03,,,,,,
2001-08-06,,,,,,
2001-08-07,,,,,,
2001-08-08,,,,,,
2001-08-09,,,,,,
2001-08-10,,,,,,
2001-08-13,,,,,,
2001-08-14,,,,,,
2001-08-15,,,,,,
2001-08-16,,,,,,
2001-08-17,,,,,,
2001-08-20,,,,,,
2001-08-21,,,,,,
2001-08-22,,,,,,
2001-08-23,,,,,,
2001-08-24,,,,,,
2001-08-27,,,,,,
2001-08-28,,,,,,
2001-08-29,,,,,,
2001-08-30,,,,,,
2001-08-31,,,,,,
2001-09-03,,,,,,
2001-09-04,,,,,,
2001-09-05,,,,,,
2001-09-06,,,,,,
2001-09-07,,,,,,
2001-09-10,,,,,,
2001-09-11,,,,,,
2001-09-12,,,,,,
2001-09-13,,,,,,
2001-09-14,,,,,,
2001-09-17,,,,,,
2001-09-18,,,,,,
2001-09-19,,,,,,
2001-09-20,,,,,,
2001-09-21,,,,,,
2001-09-24,,,,,,
2001-09-25,,,,,,
2001-09-26,,,,,,
2001-09-27,,,,,,
2001-09-28,,,,,,
2001-10-01,,,,,,
2001-10-02,,,,,,
2001-10-03,,,,,,
2001-10-04,,,,,,
2001-10-05,,,,,,
2001-10-08,,,,,,
2001-10-09,,,,,,
2001-10-10,,,,,,
2001-10-11,,,,,,
2001-10-12,,,,,,
2001-10-15,,,,,,
2001-10-16,,,,,,
2001-10-17,,,,,,
2001-10-18,,,,,,
2001-10-19,,,,,,
2001-10-22,,,,,,
2001-10-23,,,,,,
2001-10-24,,,,,,
2001-10-25,,,,,,
2001-10-26,,,,,,
2001-10-29,,,,,,
2001-10-30,,,,,,
2001-10-31,,,,,,
2001-11-01,,,,,,
2001-11-02,,,,,,
2001-11-05,,,,,,
2001-11-06,,,,,,
2001-11-07,,,,,,
2001-11-08,,,,,,
2001-11-09,,,,,,
2001-11-12,,,,,,
2001-11-13,,,,,,
2001-11-14,,,,,,
2001-11-15,,,,,,
2001-11-16,,,,,,
2001-11-19,,,,,,
2001-11-20,,,,,,
2001-11-21,,,,,,
2001-11-22,,,,,,
2001-11-23,,,,,,
2001-11-26,,,,,,
2001-11-27,,,,,,
2001-11-28,,,,,,
2001-11-29,,,,,,
2001-11-30,,,,,,
2001-12-03,,,,,,
2001-12-04,,,,,,
2001-12-05,,,,,,
2001-12-06,,,,,,
2001-12-07,,,,,,
2001-12-10,,,,,,
2001-12-11,,,,,,
2001-12-12,,,,,,
2001-12-13,,,,,,
2001-12-14,,,,,,
2001-12-17,,,,,,
2001-12-18,,,,,,
2001-12-19,,,,,,
2001-12-20,,,,,,
2001-12-21,,,,,,
2001-12-24,,,,,,
2001-12-25,,,,,,
2001-12-26,,,,,,
2001-12-27,,,,,,
2001-12-28,,,,,,
2001-12-31,,,,,,
2002-01-01,,,,,,
2002-01-02,,,,,,
2002-01-03,,,,,,
2002-01-04,,,,,,
2002-01-07,,,,,,
2002-01-08,,,,,,
2002-01-09,,,,,,
2002-01-10,,,,,,
2002-01-11,,,,,,
2002-01-14,,,,,,
2002-01-15,,,,,,
2002-01-16,,,,,,
2002-01-17,,,,,,
2002-01-18,,,,,,
2002-01-21,,,,,,
2002-01-22,,,,,,
2002-01-23,,,,,,
2002-01-24,,,,,,
2002-01-25,,,,,,
2002-01-28,,,,,,
2002-01-29,,,,,,
2002-01-30,,,,,,
2002-01-31,,,,,,
2002-02-01,,,,,,
2002-02-04,,,,,,
2002-02-05,,,,,,
2002-02-06,,,,,,
2002-02-07,,,,,,
2002-02-08,,,,,,
2002-02-11,,,,,,
2002-02-12,,,,,,
2002-02-13,,,,,,
2002-02-14,,,,,,
2002-02-15,,,,,,
2002-02-18,,,,,,
2002-02-19,,,,,,
2002-02-20,,,,,,
2002-02-21,,,,,,
2002-02-22,,,,,,
2002-02-25,,,,,,
2002-02-26,,,,,,
2002-02-27,,,,,,
2002-02-28,,,,,,
2002-03-01,,,,,,
2002-03-04,,,,,,
2002-03-05,,,,,,
2002-03-06,,,,,,
2002-03-07,,,,,,
2002-03-08,,,,,,
2002-03-11,,,,,,
2002-03-12,,,,,,
2002-03-13,,,,,,
2002-03-14,,,,,,
2002-03-15,,,,,,
2002-03-18,,,,,,
2002-03-19,,,,,,
2002-03-20,,,,,,
2002-03-21,,,,,,
2002-03-22,,,,,,
2002-03-25,,,,,,
2002-03-26,,,,,,
2002-03-27,,,,,,
2002-03-28,,,,,,
2002-03-29,,,,,,
2002-04-01,,,,,,
2002-04-02,,,,,,
2002-04-03,,,,,,
2002-04-04,,,,,,
2002-04-05,,,,,,
2002-04-08,,,,,,
2002-04-09,,,,,,
2002-04-10,,,,,,
2002-04-11,,,,,,
2002-04-12,,,,,,
2002-04-15,,,,,,
2002-04-16,,,,,,
2002-04-17,,,,,,
2002-04-18,,,,,,
2002-04-19,,,,,,
2002-04-22,,,,,,
2002-04-23,,,,,,
2002-04-24,,,,,,
2002-04-25,,,,,,
2002-04-26,,,,,,
2002-04-29,,,,,,
2002-04-30,,,,,,
2002-05-01,,,,,,
2002-05-02,,,,,,
2002-05-03,,,,,,
2002-05-06,,,,,,
2002-05-07,,,,,,
2002-05-08,,,,,,
2002-05-09,,,,,,
2002-05-10,,,,,,
2002-05-13,,,,,,
2002-05-14,,,,,,
2002-05-15,,,,,,
2002-05-16,,,,,,
2002-05-17,,,,,,
2002-05-20,,,,,,
2002-05-21,,,,,,
2002-05-22,,,,,,
2002-05-23,,,,,,
2002-05-24,,,,,,
2002-05-27,,,,,,
2002-05-28,,,,,,
2002-05-29,,,,,,
2002-05-30,,,,,,
2002-05-31,,,,,,
2002-06-03,,,,,,
2002-06-04,,,,,,
2002-06-05,,,,,,
2002-06-06,,,,,,
2002-06-07,,,,,,
2002-06-10,,,,,,
2002-06-11,,,,,,
2002-06-12,,,,,,
2002-06-13,,,,,,
2002-06-14,,,,,,
2002-06-17,,,,,,
2002-06-18,,,,,,
2002-06-19,,,,,,
2002-06-20,,,,,,
2002-06-21,,,,,,
2002-06-24,,,,,,
2002-06-25,,,,,,
2002-06-26,,,,,,
2002-06-27,,,,,,
2002-06-28,,,,,,
2002-07-01,,,,,,
2002-07-02,,,,,,
2002-07-03,,,,,,
2002-07-04,,,,,,
2002-07-05,,,,,,
2002-07-08,,,,,,
2002-07-09,,,,,,
2002-07-10,,,,,,
2002-07-11,,,,,,
2002-07-12,,,,,,
2002-07-15,,,,,,
2002-07-16,,,,,,
2002-07-17,,,,,,
2002-07-18,,,,,,
2002-07-19,,,,,,
2002-07-22,,,,,,
2002-07-23,,,,,,
2002-07-24,,,,,,
2002-07-25,,,,,,
2002-07-26,,,,,,
2002-07-29,,,,,,
2002-07-30,,,,,,
2002-07-31,,,,,,
2002-08-01,,,,,,
2002-08-02,,,,,,
2002-08-05,,,,,,
2002-08-06,,,,,,
2002-08-07,,,,,,
2002-08-08,,,,,,
2002-08-09,,,,,,
2002-08-12,,,,,,
2002-08-13,,,,,,
2002-08-14,,,,,,
2002-08-15,,,,,,
2002-08-16,,,,,,
2002-08-19,,,,,,
2002-08-20,,,,,,
2002-08-21,,,,,,
2002-08-22,,,,,,
2002-08-23,,,,,,
2002-08-26,,,,,,
2002-08-27,,,,,,
2002-08-28,,,,,,
2002-08-29,,,,,,
2002-08-30,,,,,,
2002-09-02,,,,,,
2002-09-03,,,,,,
2002-09-04,,,,,,
2002-09-05,,,,,,
2002-09-06,,,,,,
2002-09-09,,,,,,
2002-09-10,,,,,,
2002-09-11,,,,,,
2002-09-12,,,,,,
2002-09-13,,,,,,
2002-09-16,,,,,,
2002-09-17,,,,,,
2002-09-18,,,,,,
2002-09-19,,,,,,
2002-09-20,,,,,,
2002-09-23,,,,,,
2002-09-24,,,,,,
2002-09-25,,,,,,
2002-09-26,,,,,,
2002-09-27,,,,,,
2002-09-30,,,,,,
2002-10-01,,,,,,
2002-10-02,,,,,,
2002-10-03,,,,,,
2002-10-04,,,,,,
2002-10-07,,,,,,
2002-10-08,,,,,,
2002-10-09,,,,,,
2002-10-10,,,,,,
2002-10-11,,,,,,
2002-10-14,,,,,,
2002-10-15,,,,,,
2002-10-16,,,,,,
2002-10-17,,,,,,
2002-10-18,,,,,,
2002-10-21,,,,,,
2002-10-22,,,,,,
2002-10-23,,,,,,
2002-10-24,,,,,,
2002-10-25,,,,,,
2002-10-28,,,,,,
2002-10-29,,,,,,
2002-10-30,,,,,,
2002-10-31,,,,,,
2002-11-01,,,,,,
2002-11-04,,,,,,
2002-11-05,,,,,,
2002-11-06,,,,,,
2002-11-07,,,,,,
2002-11-08,,,,,,
2002-11-11,,,,,,
2002-11-12,,,,,,
2002-11-13,,,,,,
2002-11-14,,,,,,
2002-11-15,,,,,,
2002-11-18,,,,,,
2002-11-19,,,,,,
2002-11-20,,,,,,
2002-11-21,,,,,,
2002-11-22,,,,,,
2002-11-25,,,,,,
2002-11-26,,,,,,
2002-11-27,,,,,,
2002-11-28,,,,,,
2002-11-29,,,,,,
2002-12-02,,,,,,
2002-12-03,,,,,,
2002-12-04,,,,,,
2002-12-05,,,,,,
2002-12-06,,,,,,
2002-12-09,,,,,,
2002-12-10,,,,,,
2002-12-11,,,,,,
2002-12-12,,,,,,
2002-12-13,,,,,,
2002-12-16,,,,,,
2002-12-17,,,,,,
2002-12-18,,,,,,
2002-12-19,,,,,,
2002-12-20,,,,,,
2002-12-23,,,,,,
2002-12-24,,,,,,
2002-12-25,,,,,,
2002-12-26,,,,,,
2002-12-27,,,,,,
2002-12-30,,,,,,
2002-12-31,,,,,,
2003-01-01,,,,,,
2003-01-02,,,,,,
2003-01-03,,,,,,
2003-01-06,,,,,,
2003-01-07,,,,,,
2003-01-08,,,,,,
2003-01-09,,,,,,
2003-01-10,,,,,,
2003-01-13,,,,,,
2003-01-14,,,,,,
2003-01-15,,,,,,
2003-01-16,,,,,,
2003-01-17,,,,,,
2003-01-20,,,,,,
2003-01-21,,,,,,
2003-01-22,,,,,,
2003-01-23,,,,,,
2003-01-24,,,,,,
2003-01-27,,,,,,
2003-01-28,,,,,,
2003-01-29,,,,,,
2003-01-30,,,,,,
2003-01-31,,,,,,
2003-02-03,,,,,,
2003-02-04,,,,,,
2003-02-05,,,,,,
2003-02-06,,,,,,
2003-02-07,,,,,,
2003-02-10,,,,,,
2003-02-11,,,,,,
2003-02-12,,,,,,
2003-02-13,,,,,,
2003-02-14,,,,,,
2003-02-17,,,,,,
2003-02-18,,,,,,
2003-02-19,,,,,,
2003-02-20,,,,,,
2003-02-21,,,,,,
2003-02-24,,,,,,
2003-02-25,,,,,,
2003-02-26,,,,,,
2003-02-27,,,,,,
2003-02-28,,,,,,
2003-03-03,,,,,,
2003-03-04,,,,,,
2003-03-05,,,,,,
2003-03-06,,,,,,
2003-03-07,,,,,,
2003-03-10,,,,,,
2003-03-11,,,,,,
2003-03-12,,,,,,
2003-03-13,,,,,,
2003-03-14,,,,,,
2003-03-17,,,,,,
2003-03-18,,,,,,
2003-03-19,,,,,,
2003-03-20,,,,,,
2003-03-21,,,,,,
2003-03-24,,,,,,
2003-03-25,,,,,,
2003-03-26,,,,,,
2003-03-27,,,,,,
2003-03-28,,,,,,
2003-03-31,,,,,,
2003-04-01,,,,,,
2003-04-02,,,,,,
2003-04-03,,,,,,
2003-04-04,,,,,,
2003-04-07,,,,,,
2003-04-08,,,,,,
2003-04-09,,,,,,
2003-04-10,,,,,,
2003-04-11,,,,,,
2003-04-14,,,,,,
2003-04-15,,,,,,
2003-04-16,,,,,,
2003-04-17,,,,,,
2003-04-18,,,,,,
2003-04-21,,,,,,
2003-04-22,,,,,,
2003-04-23,,,,,,
2003-04-24,,,,,,
2003-04-25,,,,,,
2003-04-28,,,,,,
2003-04-29,,,,,,
2003-04-30,,,,,,
2003-05-01,,,,,,
2003-05-02,,,,,,
2003-05-05,,,,,,
2003-05-06,,,,,,
2003-05-07,,,,,,
2003-05-08,,,,,,
2003-05-09,,,,,,
2003-05-12,,,,,,
2003-05-13,,,,,,
2003-05-14,,,,,,
2003-05-15,,,,,,
2003-05-16,,,,,,
2003-05-19,,,,,,
2003-05-20,,,,,,
2003-05-21,,,,,,
2003-05-22,,,,,,
2003-05-23,,,,,,
2003-05-26,,,,,,
2003-05-27,,,,,,
2003-05-28,,,,,,
2003-05-29,,,,,,
2003-05-30,,,,,,
2003-06-02,,,,,,
2003-06-03,,,,,,
2003-06-04,,,,,,
2003-06-05,,,,,,
2003-06-06,,,,,,
2003-06-09,,,,,,
2003-06-10,,,,,,
2003-06-11,,,,,,
2003-06-12,,,,,,
2003-06-13,,,,,,
2003-06-16,,,,,,
2003-06-17,,,,,,
2003-06-18,,,,,,
2003-06-19,,,,,,
2003-06-20,,,,,,
2003-06-23,,,,,,
2003-06-24,,,,,,
2003-06-25,,,,,,
2003-06-26,,,,,,
2003-06-27,,,,,,
2003-06-30,,,,,,
2003-07-01,,,,,,
2003-07-02,,,,,,
2003-07-03,,,,,,
2003-07-04,,,,,,
2003-07-07,,,,,,
2003-07-08,,,,,,
2003-07-09,,,,,,
2003-07-10,,,,,,
2003-07-11,,,,,,
2003-07-14,,,,,,
2003-07-15,,,,,,
2003-07-16,,,,,,
2003-07-17,,,,,,
2003-07-18,,,,,,
2003-07-21,,,,,,
2003-07-22,,,,,,
2003-07-23,,,,,,
2003-07-24,,,,,,
2003-07-25,,,,,,
2003-07-28,,,,,,
2003-07-29,,,,,,
2003-07-30,,,,,,
2003-07-31,,,,,,
2003-08-01,,,,,,
2003-08-04,,,,,,
2003-08-05,,,,,,
2003-08-06,,,,,,
2003-08-07,,,,,,
2003-08-08,,,,,,
2003-08-11,,,,,,
2003-08-12,,,,,,
2003-08-13,,,,,,
2003-08-14,,,,,,
2003-08-15,,,,,,
2003-08-18,,,,,,
2003-08-19,,,,,,
2003-08-20,,,,,,
2003-08-21,,,,,,
2003-08-22,,,,,,
2003-08-25,,,,,,
2003-08-26,,,,,,
2003-08-27,,,,,,
2003-08-28,,,,,,
2003-08-29,,,,,,
2003-09-01,,,,,,
2003-09-02,,,,,,
2003-09-03,,,,,,
2003-09-04,,,,,,
2003-09-05,,,,,,
2003-09-08,,,,,,
2003-09-09,,,,,,
2003-09-10,,,,,,
2003-09-11,,,,,,
2003-09-12,,,,,,
2003-09-15,,,,,,
2003-09-16,,,,,,
2003-09-17,,,,,,
2003-09-18,,,,,,
2003-09-19,,,,,,
2003-09-22,,,,,,
2003-09-23,,,,,,
2003-09-24,,,,,,
2003-09-25,,,,,,
2003-09-26,,,,,,
2003-09-29,,,,,,
2003-09-30,,,,,,
2003-10-01,,,,,,
2003-10-02,,,,,,
2003-10-03,,,,,,
2003-10-06,,,,,,
2003-10-07,,,,,,
2003-10-08,,,,,,
2003-10-09,,,,,,
2003-10-10,,,,,,
2003-10-13,,,,,,
2003-10-14,,,,,,
2003-10-15,,,,,,
2003-10-16,,,,,,
2003-10-17,,,,,,
2003-10-20,,,,,,
2003-10-21,,,,,,
2003-10-22,,,,,,
2003-10-23,,,,,,
2003-10-24,,,,,,
2003-10-27,,,,,,
2003-10-28,,,,,,
2003-10-29,,,,,,
2003-10-30,,,,,,
2003-10-31,,,,,,
2003-11-03,,,,,,
2003-11-04,,,,,,
2003-11-05,,,,,,
2003-11-06,,,,,,
2003-11-07,,,,,,
2003-11-10,,,,,,
2003-11-11,,,,,,
2003-11-12,,,,,,
2003-11-13,,,,,,
2003-11-14,,,,,,
2003-11-17,,,,,,
2003-11-18,,,,,,
2003-11-19,,,,,,
2003-11-20,,,,,,
2003-11-21,,,,,,
2003-11-24,,,,,,
2003-11-25,,,,,,
2003-11-26,,,,,,
2003-11-27,,,,,,
2003-11-28,,,,,,
2003-12-01,,,,,,
2003-12-02,,,,,,
2003-12-03,,,,,,
2003-12-04,,,,,,
2003-12-05,,,,,,
2003-12-08,,,,,,
2003-12-09,,,,,,
2003-12-10,,,,,,
2003-12-11,,,,,,
2003-12-12,,,,,,
2003-12-15,,,,,,
2003-12-16,,,,,,
2003-12-17,,,,,,
2003-12-18,,,,,,
2003-12-19,,,,,,
2003-12-22,,,,,,
2003-12-23,,,,,,
2003-12-24,,,,,,
2003-12-25,,,,,,
2003-12-26,,,,,,
2003-12-29,,,,,,
2003-12-30,,,,,,
2003-12-31,,,,,,
2004-01-01,,,,,,
2004-01-02,,,,,,
2004-01-05,,,,,,
2004-01-06,,,,,,
2004-01-07,,,,,,
2004-01-08,,,,,,
2004-01-09,,,,,,
2004-01-12,,,,,,
2004-01-13,,,,,,
2004-01-14,,,,,,
2004-01-15,,,,,,
2004-01-16,,,,,,
2004-01-19,,,,,,
2004-01-20,,,,,,
2004-01-21,,,,,,
2004-01-22,,,,,,
2004-01-23,,,,,,
2004-01-26,,,,,,
2004-01-27,,,,,,
2004-01-28,,,,,,
2004-01-29,,,,,,
2004-01-30,,,,,,
2004-02-02,,,,,,
2004-02-03,,,,,,
2004-02-04,,,,,,
2004-02-05,,,,,,
2004-02-06,,,,,,
2004-02-09,,,,,,
2004-02-10,,,,,,
2004-02-11,,,,,,
2004-02-12,,,,,,
2004-02-13,,,,,,
2004-02-16,,,,,,
2004-02-17,,,,,,
2004-02-18,,,,,,
2004-02-19,,,,,,
2004-02-20,,,,,,
2004-02-23,,,,,,
2004-02-24,,,,,,
2004-02-25,,,,,,
2004-02-26,,,,,,
2004-02-27,,,,,,
2004-03-01,,,,,,
2004-03-02,,,,,,
2004-03-03,,,,,,
2004-03-04,,,,,,
2004-03-05,,,,,,
2004-03-08,,,,,,
2004-03-09,,,,,,
2004-03-10,,,,,,
2004-03-11,,,,,,
2004-03-12,,,,,,
2004-03-15,,,,,,
2004-03-16,,,,,,
2004-03-17,,,,,,
2004-03-18,,,,,,
2004-03-19,,,,,,
2004-03-22,,,,,,
2004-03-23,,,,,,
2004-03-24,,,,,,
2004-03-25,,,,,,
2004-03-26,,,,,,
2004-03-29,,,,,,
2004-03-30,,,,,,
2004-03-31,,,,,,
2004-04-01,,,,,,
2004-04-02,,,,,,
2004-04-05,,,,,,
2004-04-06,,,,,,
2004-04-07,,,,,,
2004-04-08,,,,,,
2004-04-09,,,,,,
2004-04-12,,,,,,
2004-04-13,,,,,,
2004-04-14,,,,,,
2004-04-15,,,,,,
2004-04-16,,,,,,
2004-04-19,,,,,,
2004-04-20,,,,,,
2004-04-21,,,,,,
2004-04-22,,,,,,
2004-04-23,,,,,,
2004-04-26,,,,,,
2004-04-27,,,,,,
2004-04-28,,,,,,
2004-04-29,,,,,,
2004-04-30,,,,,,
2004-05-03,,,,,,
2004-05-04,,,,,,
2004-05-05,,,,,,
2004-05-06,,,,,,
2004-05-07,,,,,,
2004-05-10,,,,,,
2004-05-11,,,,,,
2004-05-12,,,,,,
2004-05-13,,,,,,
2004-05-14,,,,,,
2004-05-17,,,,,,
2004-05-18,,,,,,
2004-05-19,,,,,,
2004-05-20,,,,,,
2004-05-21,,,,,,
2004-05-24,,,,,,
2004-05-25,,,,,,
2004-05-26,,,,,,
2004-05-27,,,,,,
2004-05-28,,,,,,
2004-05-31,,,,,,
2004-06-01,,,,,,
2004-06-02,,,,,,
2004-06-03,,,,,,
2004-06-04,,,,,,
2004-06-07,,,,,,
2004-06-08,,,,,,
2004-06-09,,,,,,
2004-06-10,,,,,,
2004-06-11,,,,,,
2004-06-14,,,,,,
2004-06-15,,,,,,
2004-06-16,,,,,,
2004-06-17,,,,,,
2004-06-18,,,,,,
2004-06-21,,,,,,
2004-06-22,,,,,,
2004-06-23,,,,,,
2004-06-24,,,,,,
2004-06-25,,,,,,
2004-06-28,,,,,,
2004-06-29,,,,,,
2004-06-30,,,,,,
2004-07-01,,,,,,
2004-07-02,,,,,,
2004-07-05,,,,,,
2004-07-06,,,,,,
2004-07-07,,,,,,
2004-07-08,,,,,,
2004-07-09,,,,,,
2004-07-12,,,,,,
2004-07-13,,,,,,
2004-07-14,,,,,,
2004-07-15,,,,,,
2004-07-16,,,,,,
2004-07-19,,,,,,
2004-07-20,,,,,,
2004-07-21,,,,,,
2004-07-22,,,,,,
2004-07-23,,,,,,
2004-07-26,,,,,,
2004-07-27,,,,,,
2004-07-28,,,,,,
2004-07-29,,,,,,
2004-07-30,,,,,,
2004-08-02,,,,,,
2004-08-03,,,,,,
2004-08-04,,,,,,
2004-08-05,,,,,,
2004-08-06,,,,,,
2004-08-09,,,,,,
2004-08-10,,,,,,
2004-08-11,,,,,,
2004-08-12,,,,,,
2004-08-13,,,,,,
2004-08-16,,,,,,
2004-08-17,,,,,,
2004-08-18,,,,,,
2004-08-19,,,,,,
2004-08-20,,,,,,
2004-08-23,,,,,,
2004-08-24,,,,,,
2004-08-25,,,,,,
2004-08-26,,,,,,
2004-08-27,,,,,,
2004-08-30,,,,,,
2004-08-31,,,,,,
2004-09-01,,,,,,
2004-09-02,,,,,,
2004-09-03,,,,,,
2004-09-06,,,,,,
2004-09-07,,,,,,
2004-09-08,,,,,,
2004-09-09,,,,,,
2004-09-10,,,,,,
2004-09-13,,,,,,
2004-09-14,,,,,,
2004-09-15,,,,,,
2004-09-16,,,,,,
2004-09-17,,,,,,
2004-09-20,,,,,,
2004-09-21,,,,,,
2004-09-22,,,,,,
2004-09-23,,,,,,
2004-09-24,,,,,,
2004-09-27,,,,,,
2004-09-28,,,,,,
2004-09-29,,,,,,
2004-09-30,,,,,,
2004-10-01,,,,,,
2004-10-04,,,,,,
2004-10-05,,,,,,
2004-10-06,,,,,,
2004-10-07,,,,,,
2004-10-08,,,,,,
2004-10-11,,,,,,
2004-10-12,,,,,,
2004-10-13,,,,,,
2004-10-14,,,,,,
2004-10-15,,,,,,
2004-10-18,,,,,,
2004-10-19,,,,,,
2004-10-20,,,,,,
2004-10-21,,,,,,
2004-10-22,,,,,,
2004-10-25,,,,,,
2004-10-26,,,,,,
2004-10-27,,,,,,
2004-10-28,,,,,,
2004-10-29,,,,,,
2004-11-01,,,,,,
2004-11-02,,,,,,
2004-11-03,,,,,,
2004-11-04,,,,,,
2004-11-05,,,,,,
2004-11-08,,,,,,
2004-11-09,,,,,,
2004-11-10,,,,,,
2004-11-11,,,,,,
2004-11-12,,,,,,
2004-11-15,,,,,,
2004-11-16,,,,,,
2004-11-17,,,,,,
2004-11-18,,,,,,
2004-11-19,,,,,,
2004-11-22,,,,,,
2004-11-23,,,,,,
2004-11-24,,,,,,
2004-11-25,,,,,,
2004-11-26,,,,,,
2004-11-29,,,,,,
2004-11-30,,,,,,
2004-12-01,,,,,,
2004-12-02,,,,,,
2004-12-03,,,,,,
2004-12-06,,,,,,
2004-12-07,,,,,,
2004-12-08,,,,,,
2004-12-09,,,,,,
2004-12-10,,,,,,
2004-12-13,,,,,,
2004-12-14,,,,,,
2004-12-15,,,,,,
2004-12-16,,,,,,
2004-12-17,,,,,,
2004-12-20,,,,,,
2004-12-21,,,,,,
2004-12-22,,,,,,
2004-12-23,,,,,,
2004-12-24,,,,,,
2004-12-27,,,,,,
2004-12-28,,,,,,
2004-12-29,,,,,,
2004-12-30,,,,,,
2004-12-31,,,,,,
2005-01-03,,,,,,
2005-01-04,,,,,,
2005-01-05,,,,,,
2005-01-06,,,,,,
2005-01-07,,,,,,
2005-01-10,,,,,,
2005-01-11,,,,,,
2005-01-12,,,,,,
2005-01-13,,,,,,
2005-01-14,,,,,,
2005-01-17,,,,,,
2005-01-18,,,,,,
2005-01-19,,,,,,
2005-01-20,,,,,,
2005-01-24,,,,,,
2005-01-25,,,,,,
2005-01-27,,,,,,
2005-01-28,,,,,,
2005-01-31,,,,,,
2005-02-01,,,,,,
2005-02-02,,,,,,
2005-02-03,,,,,,
2005-02-04,,,,,,
2005-02-07,,,,,,
2005-02-08,,,,,,
2005-02-09,,,,,,
2005-02-10,,,,,,
2005-02-11,,,,,,
2005-02-14,,,,,,
2005-02-15,,,,,,
2005-02-16,,,,,,
2005-02-17,,,,,,
2005-02-18,,,,,,
2005-02-21,,,,,,
2005-02-22,,,,,,
2005-02-23,,,,,,
2005-02-24,,,,,,
2005-02-25,,,,,,
2005-02-28,,,,,,
2005-03-01,,,,,,
2005-03-02,,,,,,
2005-03-03,,,,,,
2005-03-04,,,,,,
2005-03-07,,,,,,
2005-03-08,,,,,,
2005-03-09,,,,,,
2005-03-10,,,,,,
2005-03-11,,,,,,
2005-03-14,,,,,,
2005-03-15,,,,,,
2005-03-16,,,,,,
2005-03-17,,,,,,
2005-03-18,,,,,,
2005-03-21,,,,,,
2005-03-22,,,,,,
2005-03-23,,,,,,
2005-03-24,,,,,,
2005-03-28,,,,,,
2005-03-29,,,,,,
2005-03-30,,,,,,
2005-03-31,,,,,,
2005-04-01,,,,,,
2005-04-04,,,,,,
2005-04-05,,,,,,
2005-04-06,,,,,,
2005-04-07,,,,,,
2005-04-08,,,,,,
2005-04-11,,,,,,
2005-04-12,,,,,,
2005-04-13,,,,,,
2005-04-15,,,,,,
2005-04-18,,,,,,
2005-04-19,,,,,,
2005-04-20,,,,,,
2005-04-21,,,,,,
2005-04-22,,,,,,
2005-04-25,,,,,,
2005-04-26,,,,,,
2005-04-27,,,,,,
2005-04-28,,,,,,
2005-04-29,,,,,,
2005-05-02,,,,,,
2005-05-03,,,,,,
2005-05-04,,,,,,
2005-05-05,,,,,,
2005-05-06,,,,,,
2005-05-09,,,,,,
2005-05-10,,,,,,
2005-05-11,,,,,,
2005-05-12,,,,,,
2005-05-13,,,,,,
2005-05-16,,,,,,
2005-05-17,,,,,,
2005-05-18,,,,,,
2005-05-19,,,,,,
2005-05-20,,,,,,
2005-05-23,,,,,,
2005-05-24,,,,,,
2005-05-25,,,,,,
2005-05-26,,,,,,
2005-05-27,,,,,,
2005-05-30,,,,,,
2005-05-31,,,,,,
2005-06-01,,,,,,
2005-06-02,,,,,,
2005-06-03,,,,,,
2005-06-06,,,,,,
2005-06-07,,,,,,
2005-06-08,,,,,,
2005-06-09,,,,,,
2005-06-10,,,,,,
2005-06-13,,,,,,
2005-06-14,,,,,,
2005-06-15,,,,,,
2005-06-16,,,,,,
2005-06-17,,,,,,
2005-06-20,,,,,,
2005-06-21,,,,,,
2005-06-22,,,,,,
2005-06-23,,,,,,
2005-06-24,,,,,,
2005-06-27,,,,,,
2005-06-28,,,,,,
2005-06-29,,,,,,
2005-06-30,,,,,,
2005-07-01,,,,,,
2005-07-04,,,,,,
2005-07-05,,,,,,
2005-07-06,,,,,,
2005-07-07,,,,,,
2005-07-08,,,,,,
2005-07-11,,,,,,
2005-07-12,,,,,,
2005-07-13,,,,,,
2005-07-14,,,,,,
2005-07-15,,,,,,
2005-07-18,,,,,,
2005-07-19,,,,,,
2005-07-20,,,,,,
2005-07-21,,,,,,
2005-07-22,,,,,,
2005-07-25,,,,,,
2005-07-26,,,,,,
2005-07-27,,,,,,
2005-07-28,,,,,,
2005-07-29,,,,,,
2005-08-01,,,,,,
2005-08-02,,,,,,
2005-08-03,,,,,,
2005-08-04,,,,,,
2005-08-05,,,,,,
2005-08-08,,,,,,
2005-08-09,,,,,,
2005-08-10,,,,,,
2005-08-11,,,,,,
2005-08-12,,,,,,
2005-08-16,,,,,,
2005-08-17,,,,,,
2005-08-18,,,,,,
2005-08-19,,,,,,
2005-08-22,,,,,,
2005-08-23,,,,,,
2005-08-24,,,,,,
2005-08-25,,,,,,
2005-08-26,,,,,,
2005-08-29,,,,,,
2005-08-30,,,,,,
2005-08-31,,,,,,
2005-09-01,,,,,,
2005-09-02,,,,,,
2005-09-05,,,,,,
2005-09-06,,,,,,
2005-09-08,,,,,,
2005-09-09,,,,,,
2005-09-12,,,,,,
2005-09-13,,,,,,
2005-09-14,,,,,,
2005-09-15,,,,,,
2005-09-16,,,,,,
2005-09-19,,,,,,
2005-09-20,,,,,,
2005-09-21,,,,,,
2005-09-22,,,,,,
2005-09-23,,,,,,
2005-09-26,,,,,,
2005-09-27,,,,,,
2005-09-28,,,,,,
2005-09-29,,,,,,
2005-09-30,,,,,,
2005-10-03,,,,,,
2005-10-04,,,,,,
2005-10-05,,,,,,
2005-10-06,,,,,,
2005-10-07,,,,,,
2005-10-10,,,,,,
2005-10-11,,,,,,
2005-10-13,,,,,,
2005-10-14,,,,,,
2005-10-17,,,,,,
2005-10-18,,,,,,
2005-10-19,,,,,,
2005-10-20,,,,,,
2005-10-21,,,,,,
2005-10-24,,,,,,
2005-10-25,,,,,,
2005-10-26,,,,,,
2005-10-27,,,,,,
2005-10-28,,,,,,
2005-10-31,,,,,,
2005-11-02,,,,,,
2005-11-04,,,,,,
2005-11-07,,,,,,
2005-11-08,,,,,,
2005-11-09,,,,,,
2005-11-10,,,,,,
2005-11-11,,,,,,
2005-11-14,,,,,,
2005-11-16,,,,,,
2005-11-17,,,,,,
2005-11-18,,,,,,
2005-11-21,,,,,,
2005-11-22,,,,,,
2005-11-23,,,,,,
2005-11-24,,,,,,
2005-11-25,,,,,,
2005-11-28,,,,,,
2005-11-29,,,,,,
2005-11-30,,,,,,
2005-12-01,,,,,,
2005-12-02,,,,,,
2005-12-05,,,,,,
2005-12-06,,,,,,
2005-12-07,,,,,,
2005-12-08,,,,,,
2005-12-09,,,,,,
2005-12-12,,,,,,
2005-12-13,,,,,,
2005-12-14,,,,,,
2005-12-15,,,,,,
2005-12-16,,,,,,
2005-12-19,,,,,,
2005-12-20,,,,,,
2005-12-21,,,,,,
2005-12-22,,,,,,
2005-12-23,,,,,,
2005-12-26,,,,,,
2005-12-27,,,,,,
2005-12-28,,,,,,
2005-12-29,,,,,,
2005-12-30,,,,,,
2006-01-02,,,,,,
2006-01-03,,,,,,
2006-01-04,,,,,,
2006-01-05,,,,,,
2006-01-06,,,,,,
2006-01-09,,,,,,
2006-01-10,,,,,,
2006-01-12,,,,,,
2006-01-13,,,,,,
2006-01-16,,,,,,
2006-01-17,,,,,,
2006-01-18,,,,,,
2006-01-19,,,,,,
2006-01-20,,,,,,
2006-01-23,,,,,,
2006-01-24,,,,,,
2006-01-25,,,,,,
2006-01-27,,,,,,
2006-01-30,,,,,,
2006-01-31,,,,,,
2006-02-01,,,,,,
2006-02-02,,,,,,
2006-02-03,,,,,,
2006-02-06,,,,,,
2006-02-07,,,,,,
2006-02-08,,,,,,
2006-02-10,,,,,,
2006-02-13,,,,,,
2006-02-14,,,,,,
2006-02-15,,,,,,
2006-02-16,,,,,,
2006-02-17,,,,,,
2006-02-20,,,,,,
2006-02-21,,,,,,
2006-02-22,,,,,,
2006-02-23,,,,,,
2006-02-24,,,,,,
2006-02-27,,,,,,
2006-02-28,,,,,,
2006-03-01,,,,,,
2006-03-02,,,,,,
2006-03-03,,,,,,
2006-03-06,,,,,,
2006-03-07,,,,,,
2006-03-08,,,,,,
2006-03-09,,,,,,
2006-03-10,,,,,,
2006-03-13,,,,,,
2006-03-14,,,,,,
2006-03-16,,,,,,
2006-03-17,,,,,,
2006-03-20,,,,,,
2006-03-21,,,,,,
2006-03-22,,,,,,
2006-03-23,,,,,,
2006-03-24,,,,,,
2006-03-27,,,,,,
2006-03-28,,,,,,
2006-03-29,,,,,,
2006-03-30,,,,,,
2006-03-31,,,,,,
2006-04-03,,,,,,
2006-04-04,,,,,,
2006-04-05,,,,,,
2006-04-07,,,,,,
2006-04-10,,,,,,
2006-04-12,,,,,,
2006-04-13,,,,,,
2006-04-17,,,,,,
2006-04-18,,,,,,
2006-04-19,,,,,,
2006-04-20,,,,,,
2006-04-21,,,,,,
2006-04-24,,,,,,
2006-04-25,,,,,,
2006-04-26,,,,,,
2006-04-27,,,,,,
2006-04-28,,,,,,
2006-05-02,,,,,,
2006-05-03,,,,,,
2006-05-04,,,,,,
2006-05-05,,,,,,
2006-05-08,,,,,,
2006-05-09,,,,,,
2006-05-10,,,,,,
2006-05-11,,,,,,
2006-05-12,,,,,,
2006-05-15,,,,,,
2006-05-16,,,,,,
2006-05-17,,,,,,
2006-05-18,,,,,,
2006-05-19,,,,,,
2006-05-22,,,,,,
2006-05-23,,,,,,
2006-05-24,,,,,,
2006-05-25,,,,,,
2006-05-26,,,,,,
2006-05-29,,,,,,
2006-05-30,,,,,,
2006-05-31,,,,,,
2006-06-01,,,,,,
2006-06-02,,,,,,
2006-06-05,,,,,,
2006-06-06,,,,,,
2006-06-07,,,,,,
2006-06-08,,,,,,
2006-06-09,,,,,,
2006-06-12,,,,,,
2006-06-13,,,,,,
2006-06-14,,,,,,
2006-06-15,,,,,,
2006-06-16,,,,,,
2006-06-19,,,,,,
2006-06-20,,,,,,
2006-06-21,,,,,,
2006-06-22,,,,,,
2006-06-23,,,,,,
2006-06-26,,,,,,
2006-06-27,,,,,,
2006-06-28,,,,,,
2006-06-29,,,,,,
2006-06-30,,,,,,
2006-07-03,,,,,,
2006-07-04,,,,,,
2006-07-05,,,,,,
2006-07-06,,,,,,
2006-07-07,,,,,,
2006-07-10,,,,,,
2006-07-11,,,,,,
2006-07-12,,,,,,
2006-07-13,,,,,,
2006-07-14,,,,,,
2006-07-17,,,,,,
2006-07-18,,,,,,
2006-07-19,,,,,,
2006-07-20,,,,,,
2006-07-21,,,,,,
2006-07-24,,,,,,
2006-07-25,,,,,,
2006-07-26,,,,,,
2006-07-27,,,,,,
2006-07-28,,,,,,
2006-07-31,,,,,,
2006-08-01,,,,,,
2006-08-02,,,,,,
2006-08-03,,,,,,
2006-08-04,,,,,,
2006-08-07,,,,,,
2006-08-08,,,,,,
2006-08-09,,,,,,
2006-08-10,,,,,,
2006-08-11,,,,,,
2006-08-14,,,,,,
2006-08-16,,,,,,
2006-08-17,,,,,,
2006-08-18,,,,,,
2006-08-21,,,,,,
2006-08-22,,,,,,
2006-08-23,,,,,,
2006-08-24,,,,,,
2006-08-25,,,,,,
2006-08-28,,,,,,
2006-08-29,,,,,,
2006-08-30,,,,,,
2006-08-31,,,,,,
2006-09-01,,,,,,
2006-09-04,,,,,,
2006-09-05,,,,,,
2006-09-06,,,,,,
2006-09-07,,,,,,
2006-09-08,,,,,,
2006-09-11,,,,,,
2006-09-12,,,,,,
2006-09-13,,,,,,
2006-09-14,,,,,,
2006-09-15,,,,,,
2006-09-18,,,,,,
2006-09-19,,,,,,
2006-09-20,,,,,,
2006-09-21,,,,,,
2006-09-22,,,,,,
2006-09-25,,,,,,
2006-09-26,,,,,,
2006-09-27,,,,,,
2006-09-28,,,,,,
2006-09-29,,,,,,
2006-10-03,,,,,,
2006-10-04,,,,,,
2006-10-05,,,,,,
2006-10-06,,,,,,
2006-10-09,,,,,,
2006-10-10,,,,,,
2006-10-11,,,,,,
2006-10-12,,,,,,
2006-10-13,,,,,,
2006-10-16,,,,,,
2006-10-17,,,,,,
2006-10-18,,,,,,
2006-10-19,,,,,,
2006-10-20,,,,,,
2006-10-23,,,,,,
2006-10-26,,,,,,
2006-10-27,,,,,,
2006-10-30,,,,,,
2006-10-31,,,,,,
2006-11-01,,,,,,
2006-11-02,,,,,,
2006-11-03,,,,,,
2006-11-06,,,,,,
2006-11-07,,,,,,
2006-11-08,,,,,,
2006-11-09,,,,,,
2006-11-10,,,,,,
2006-11-13,,,,,,
2006-11-14,,,,,,
2006-11-15,,,,,,
2006-11-16,,,,,,
2006-11-17,,,,,,
2006-11-20,,,,,,
2006-11-21,,,,,,
2006-11-22,,,,,,
2006-11-23,,,,,,
2006-11-24,,,,,,
2006-11-27,,,,,,
2006-11-28,,,,,,
2006-11-29,,,,,,
2006-11-30,,,,,,
2006-12-01,,,,,,
2006-12-04,,,,,,
2006-12-05,,,,,,
2006-12-06,,,,,,
2006-12-07,,,,,,
2006-12-08,,,,,,
2006-12-11,,,,,,
2006-12-12,,,,,,
2006-12-13,,,,,,
2006-12-14,,,,,,
2006-12-15,,,,,,
2006-12-18,,,,,,
2006-12-19,,,,,,
2006-12-20,,,,,,
2006-12-21,,,,,,
2006-12-22,,,,,,
2006-12-26,,,,,,
2006-12-27,,,,,,
2006-12-28,,,,,,
2006-12-29,,,,,,
2007-01-02,,,,,,
2007-01-03,,,,,,
2007-01-04,,,,,,
2007-01-05,,,,,,
2007-01-08,,,,,,
2007-01-09,,,,,,
2007-01-10,,,,,,
2007-01-11,,,,,,
2007-01-12,,,,,,
2007-01-15,,,,,,
2007-01-16,,,,,,
2007-01-17,,,,,,
2007-01-18,,,,,,
2007-01-19,,,,,,
2007-01-22,,,,,,
2007-01-23,,,,,,
2007-01-24,,,,,,
2007-01-25,,,,,,
2007-01-29,,,,,,
2007-01-31,,,,,,
2007-02-01,,,,,,
2007-02-02,,,,,,
2007-02-05,,,,,,
2007-02-06,,,,,,
2007-02-07,,,,,,
2007-02-08,,,,,,
2007-02-09,,,,,,
2007-02-12,,,,,,
2007-02-13,,,,,,
2007-02-14,,,,,,
2007-02-15,,,,,,
2007-02-19,,,,,,
2007-02-20,,,,,,
2007-02-21,,,,,,
2007-02-22,,,,,,
2007-02-23,,,,,,
2007-02-26,,,,,,
2007-02-27,,,,,,
2007-02-28,,,,,,
2007-03-01,,,,,,
2007-03-02,,,,,,
2007-03-05,,,,,,
2007-03-06,,,,,,
2007-03-07,,,,,,
2007-03-08,,,,,,
2007-03-09,,,,,,
2007-03-12,,,,,,
2007-03-13,,,,,,
2007-03-14,,,,,,
2007-03-15,,,,,,
2007-03-16,,,,,,
2007-03-19,,,,,,
2007-03-20,,,,,,
2007-03-21,,,,,,
2007-03-22,,,,,,
2007-03-23,,,,,,
2007-03-26,,,,,,
2007-03-28,,,,,,
2007-03-29,,,,,,
2007-03-30,,,,,,
2007-04-02,,,,,,
2007-04-03,,,,,,
2007-04-04,,,,,,
2007-04-05,,,,,,
2007-04-09,,,,,,
2007-04-10,,,,,,
2007-04-11,,,,,,
2007-04-12,,,,,,
2007-04-13,,,,,,
2007-04-16,,,,,,
2007-04-17,,,,,,
2007-04-18,,,,,,
2007-04-19,,,,,,
2007-04-20,,,,,,
2007-04-23,,,,,,
2007-04-24,,,,,,
2007-04-25,,,,,,
2007-04-26,,,,,,
2007-04-27,,,,,,
2007-04-30,,,,,,
2007-05-03,,,,,,
2007-05-04,,,,,,
2007-05-07,,,,,,
2007-05-08,,,,,,
2007-05-09,,,,,,
2007-05-10,,,,,,
2007-05-11,,,,,,
2007-05-14,,,,,,
2007-05-15,,,,,,
2007-05-16,,,,,,
2007-05-17,,,,,,
2007-05-18,,,,,,
2007-05-21,,,,,,
2007-05-22,,,,,,
2007-05-23,,,,,,
2007-05-24,,,,,,
2007-05-25,,,,,,
2007-05-28,,,,,,
2007-05-29,,,,,,
2007-05-30,,,,,,
2007-05-31,,,,,,
2007-06-01,,,,,,
2007-06-04,,,,,,
2007-06-05,,,,,,
2007-06-06,,,,,,
2007-06-07,,,,,,
2007-06-08,,,,,,
2007-06-11,,,,,,
2007-06-12,,,,,,
2007-06-13,,,,,,
2007-06-14,,,,,,
2007-06-15,,,,,,
2007-06-18,,,,,,
2007-06-19,,,,,,
2007-06-20,,,,,,
2007-06-21,,,,,,
2007-06-22,,,,,,
2007-06-25,,,,,,
2007-06-26,,,,,,
2007-06-27,,,,,,
2007-06-28,,,,,,
2007-06-29,,,,,,
2007-07-02,,,,,,
2007-07-03,,,,,,
2007-07-04,,,,,,
2007-07-05,,,,,,
2007-07-06,,,,,,
2007-07-09,,,,,,
2007-07-10,,,,,,
2007-07-11,,,,,,
2007-07-12,,,,,,
2007-07-13,,,,,,
2007-07-16,,,,,,
2007-07-17,,,,,,
2007-07-18,,,,,,
2007-07-19,,,,,,
2007-07-20,,,,,,
2007-07-23,,,,,,
2007-07-24,,,,,,
2007-07-25,,,,,,
2007-07-26,,,,,,
2007-07-27,,,,,,
2007-07-30,,,,,,
2007-07-31,,,,,,
2007-08-01,,,,,,
2007-08-02,,,,,,
2007-08-03,,,,,,
2007-08-06,,,,,,
2007-08-07,,,,,,
2007-08-08,,,,,,
2007-08-09,,,,,,
2007-08-10,,,,,,
2007-08-13,,,,,,
2007-08-14,,,,,,
2007-08-16,,,,,,
2007-08-17,,,,,,
2007-08-20,,,,,,
2007-08-21,,,,,,
2007-08-22,,,,,,
2007-08-23,,,,,,
2007-08-24,,,,,,
2007-08-27,,,,,,
2007-08-28,,,,,,
2007-08-29,,,,,,
2007-08-30,,,,,,
2007-08-31,,,,,,
2007-09-03,,,,,,
2007-09-04,,,,,,
2007-09-05,,,,,,
2007-09-06,,,,,,
2007-09-07,,,,,,
2007-09-10,,,,,,
2007-09-11,,,,,,
2007-09-12,,,,,,
2007-09-13,,,,,,
2007-09-14,,,,,,
2007-09-17,,,,,,
2007-09-18,,,,,,
2007-09-19,,,,,,
2007-09-20,,,,,,
2007-09-21,,,,,,
2007-09-24,,,,,,
2007-09-25,,,,,,
2007-09-26,,,,,,
2007-09-27,,,,,,
2007-09-28,,,,,,
2007-10-01,,,,,,
2007-10-03,,,,,,
2007-10-04,,,,,,
2007-10-05,,,,,,
2007-10-08,,,,,,
2007-10-09,,,,,,
2007-10-10,,,,,,
2007-10-11,,,,,,
2007-10-12,,,,,,
2007-10-15,,,,,,
2007-10-16,,,,,,
2007-10-17,,,,,,
2007-10-18,,,,,,
2007-10-19,,,,,,
2007-10-22,,,,,,
2007-10-23,,,,,,
2007-10-24,,,,,,
2007-10-25,,,,,,
2007-10-26,,,,,,
2007-10-29,,,,,,
2007-10-30,,,,,,
2007-10-31,,,,,,
2007-11-01,,,,,,
2007-11-02,,,,,,
2007-11-05,,,,,,
2007-11-06,,,,,,
2007-11-07,,,,,,
2007-11-08,,,,,,
2007-11-12,,,,,,
2007-11-13,,,,,,
2007-11-14,,,,,,
2007-11-15,,,,,,
2007-11-16,,,,,,
2007-11-19,,,,,,
2007-11-20,,,,,,
2007-11-21,,,,,,
2007-11-22,,,,,,
2007-11-23,,,,,,
2007-11-26,,,,,,
2007-11-27,,,,,,
2007-11-28,,,,,,
2007-11-29,,,,,,
2007-11-30,,,,,,
2007-12-03,,,,,,
2007-12-04,,,,,,
2007-12-05,,,,,,
2007-12-06,,,,,,
2007-12-07,,,,,,
2007-12-10,,,,,,
2007-12-11,,,,,,
2007-12-12,,,,,,
2007-12-13,,,,,,
2007-12-14,,,,,,
2007-12-17,,,,,,
2007-12-18,,,,,,
2007-12-19,,,,,,
2007-12-20,,,,,,
2007-12-24,,,,,,
2007-12-26,,,,,,
2007-12-27,,,,,,
2007-12-28,,,,,,
2007-12-31,,,,,,
2008-01-01,,,,,,
2008-01-02,,,,,,
2008-01-03,,,,,,
2008-01-04,,,,,,
2008-01-07,,,,,,
2008-01-08,,,,,,
2008-01-09,,,,,,
2008-01-10,,,,,,
2008-01-11,,,,,,
2008-01-14,,,,,,
2008-01-15,,,,,,
2008-01-16,,,,,,
2008-01-17,,,,,,
2008-01-18,,,,,,
2008-01-21,,,,,,
2008-01-22,,,,,,
2008-01-23,,,,,,
2008-01-24,,,,,,
2008-01-25,,,,,,
2008-01-28,,,,,,
2008-01-29,,,,,,
2008-01-30,,,,,,
2008-01-31,,,,,,
2008-02-01,,,,,,
2008-02-04,,,,,,
2008-02-05,,,,,,
2008-02-06,,,,,,
2008-02-07,,,,,,
2008-02-08,,,,,,
2008-02-11,,,,,,
2008-02-12,,,,,,
2008-02-13,,,,,,
2008-02-14,,,,,,
2008-02-15,,,,,,
2008-02-18,,,,,,
2008-02-19,,,,,,
2008-02-20,,,,,,
2008-02-21,,,,,,
2008-02-22,,,,,,
2008-02-25,,,,,,
2008-02-26,,,,,,
2008-02-27,,,,,,
2008-02-28,,,,,,
2008-02-29,,,,,,
2008-03-03,,,,,,
2008-03-04,,,,,,
2008-03-05,,,,,,
2008-03-07,,,,,,
2008-03-10,,,,,,
2008-03-11,,,,,,
2008-03-12,,,,,,
2008-03-13,,,,,,
2008-03-14,,,,,,
2008-03-17,,,,,,
2008-03-18,,,,,,
2008-03-19,,,,,,
2008-03-24,,,,,,
2008-03-25,,,,,,
2008-03-26,,,,,,
2008-03-27,,,,,,
2008-03-28,,,,,,
2008-03-31,,,,,,
2008-04-01,,,,,,
2008-04-02,,,,,,
2008-04-03,,,,,,
2008-04-04,,,,,,
2008-04-07,,,,,,
2008-04-08,,,,,,
2008-04-09,,,,,,
2008-04-10,,,,,,
2008-04-11,,,,,,
2008-04-15,,,,,,
2008-04-16,,,,,,
2008-04-17,,,,,,
2008-04-21,,,,,,
2008-04-22,,,,,,
2008-04-23,,,,,,
2008-04-24,,,,,,
2008-04-25,,,,,,
2008-04-28,,,,,,
2008-04-29,,,,,,
2008-04-30,,,,,,
2008-05-02,,,,,,
2008-05-05,,,,,,
2008-05-06,,,,,,
2008-05-07,,,,,,
2008-05-08,,,,,,
2008-05-09,,,,,,
2008-05-12,,,,,,
2008-05-13,,,,,,
2008-05-14,,,,,,
2008-05-15,,,,,,
2008-05-16,,,,,,
2008-05-20,,,,,,
2008-05-21,,,,,,
2008-05-22,,,,,,
2008-05-23,,,,,,
2008-05-26,,,,,,
2008-05-27,,,,,,
2008-05-28,,,,,,
2008-05-29,,,,,,
2008-05-30,,,,,,
2008-06-02,,,,,,
2008-06-03,,,,,,
2008-06-04,,,,,,
2008-06-05,,,,,,
2008-06-06,,,,,,
2008-06-09,,,,,,
2008-06-10,,,,,,
2008-06-11,,,,,,
2008-06-12,,,,,,
2008-06-13,,,,,,
2008-06-16,,,,,,
2008-06-17,,,,,,
2008-06-18,,,,,,
2008-06-19,,,,,,
2008-06-20,,,,,,
2008-06-23,,,,,,
2008-06-24,,,,,,
2008-06-25,,,,,,
2008-06-26,,,,,,
2008-06-27,,,,,,
2008-06-30,,,,,,
2008-07-01,,,,,,
2008-07-02,,,,,,
2008-07-03,,,,,,
2008-07-04,,,,,,
2008-07-07,,,,,,
2008-07-08,,,,,,
2008-07-09,,,,,,
2008-07-10,,,,,,
2008-07-11,,,,,,
2008-07-14,,,,,,
2008-07-15,,,,,,
2008-07-16,,,,,,
2008-07-17,,,,,,
2008-07-18,,,,,,
2008-07-21,,,,,,
2008-07-22,,,,,,
2008-07-23,,,,,,
2008-07-24,,,,,,
2008-07-25,,,,,,
2008-07-28,,,,,,
2008-07-29,,,,,,
2008-07-30,,,,,,
2008-07-31,,,,,,
2008-08-01,,,,,,
2008-08-04,,,,,,
2008-08-05,,,,,,
2008-08-06,,,,,,
2008-08-07,,,,,,
2008-08-08,,,,,,
2008-08-11,,,,,,
2008-08-12,,,,,,
2008-08-13,,,,,,
2008-08-14,,,,,,
2008-08-18,,,,,,
2008-08-19,,,,,,
2008-08-20,,,,,,
2008-08-21,,,,,,
2008-08-22,,,,,,
2008-08-25,,,,,,
2008-08-26,,,,,,
2008-08-27,,,,,,
2008-08-28,,,,,,
2008-08-29,,,,,,
2008-09-01,,,,,,
2008-09-02,,,,,,
2008-09-04,,,,,,
2008-09-05,,,,,,
2008-09-08,,,,,,
2008-09-09,,,,,,
2008-09-10,,,,,,
2008-09-11,,,,,,
2008-09-12,,,,,,
2008-09-15,,,,,,
2008-09-16,,,,,,
2008-09-17,,,,,,
2008-09-18,,,,,,
2008-09-19,,,,,,
2008-09-22,,,,,,
2008-09-23,,,,,,
2008-09-24,,,,,,
2008-09-25,,,,,,
2008-09-26,,,,,,
2008-09-29,,,,,,
2008-09-30,,,,,,
2008-10-01,,,,,,
2008-10-03,,,,,,
2008-10-06,,,,,,
2008-10-07,,,,,,
2008-10-08,,,,,,
2008-10-10,,,,,,
2008-10-13,,,,,,
2008-10-14,,,,,,
2008-10-15,,,,,,
2008-10-16,,,,,,
2008-10-17,,,,,,
2008-10-20,,,,,,
2008-10-21,,,,,,
2008-10-22,,,,,,
2008-10-23,,,,,,
2008-10-24,,,,,,
2008-10-27,,,,,,
2008-10-29,,,,,,
2008-10-31,,,,,,
2008-11-03,,,,,,
2008-11-04,,,,,,
2008-11-05,,,,,,
2008-11-06,,,,,,
2008-11-07,,,,,,
2008-11-10,,,,,,
2008-11-11,,,,,,
2008-11-12,,,,,,
2008-11-14,,,,,,
2008-11-17,,,,,,
2008-11-18,,,,,,
2008-11-19,,,,,,
2008-11-20,,,,,,
2008-11-21,,,,,,
2008-11-24,,,,,,
2008-11-25,,,,,,
2008-11-26,,,,,,
2008-11-27,,,,,,
2008-11-28,,,,,,
2008-12-01,,,,,,
2008-12-02,,,,,,
2008-12-03,,,,,,
2008-12-04,,,,,,
2008-12-05,,,,,,
2008-12-08,,,,,,
2008-12-10,,,,,,
2008-12-11,,,,,,
2008-12-12,,,,,,
2008-12-15,,,,,,
2008-12-16,,,,,,
2008-12-17,,,,,,
2008-12-18,,,,,,
2008-12-19,,,,,,
2008-12-22,,,,,,
2008-12-23,,,,,,
2008-12-24,,,,,,
2008-12-26,,,,,,
2008-12-29,,,,,,
2008-12-30,,,,,,
2008-12-31,,,,,,
2009-01-02,,,,,,
2009-01-05,,,,,,
2009-01-06,,,,,,
2009-01-07,,,,,,
2009-01-09,,,,,,
2009-01-12,,,,,,
2009-01-13,,,,,,
2009-01-14,,,,,,
2009-01-15,,,,,,
2009-01-16,,,,,,
2009-01-19,,,,,,
2009-01-20,,,,,,
2009-01-21,,,,,,
2009-01-22,,,,,,
2009-01-23,,,,,,
2009-01-27,,,,,,
2009-01-28,,,,,,
2009-01-29,,,,,,
2009-01-30,,,,,,
2009-02-02,,,,,,
2009-02-03,,,,,,
2009-02-04,,,,,,
2009-02-05,,,,,,
2009-02-06,,,,,,
2009-02-09,,,,,,
2009-02-10,,,,,,
2009-02-11,,,,,,
2009-02-12,,,,,,
2009-02-13,,,,,,
2009-02-16,,,,,,
2009-02-17,,,,,,
2009-02-18,,,,,,
2009-02-19,,,,,,
2009-02-20,,,,,,
2009-02-24,,,,,,
2009-02-25,,,,,,
2009-02-26,,,,,,
2009-02-27,,,,,,
2009-03-02,,,,,,
2009-03-03,,,,,,
2009-03-04,,,,,,
2009-03-05,,,,,,
2009-03-06,,,,,,
2009-03-09,,,,,,
2009-03-12,,,,,,
2009-03-13,,,,,,
2009-03-16,,,,,,
2009-03-17,,,,,,
2009-03-18,,,,,,
2009-03-19,,,,,,
2009-03-20,,,,,,
2009-03-23,,,,,,
2009-03-24,,,,,,
2009-03-25,,,,,,
2009-03-26,,,,,,
2009-03-27,,,,,,
2009-03-30,,,,,,
2009-03-31,,,,,,
2009-04-01,,,,,,
2009-04-02,,,,,,
2009-04-06,,,,,,
2009-04-08,,,,,,
2009-04-09,,,,,,
2009-04-13,,,,,,
2009-04-15,,,,,,
2009-04-16,,,,,,
2009-04-17,,,,,,
2009-04-20,,,,,,
2009-04-21,,,,,,
2009-04-22,,,,,,
2009-04-23,,,,,,
2009-04-24,,,,,,
2009-04-27,,,,,,
2009-04-28,,,,,,
2009-04-29,,,,,,
2009-04-30,,,,,,
2009-05-04,,,,,,
2009-05-05,,,,,,
2009-05-06,,,,,,
2009-05-07,,,,,,
2009-05-08,,,,,,
2009-05-11,,,,,,
2009-05-12,,,,,,
2009-05-13,,,,,,
2009-05-14,,,,,,
2009-05-15,,,,,,
2009-05-18,,,,,,
2009-05-19,,,,,,
2009-05-20,,,,,,
2009-05-21,,,,,,
2009-05-22,,,,,,
2009-05-25,,,,,,
2009-05-26,,,,,,
2009-05-27,,,,,,
2009-05-28,,,,,,
2009-05-29,,,,,,
2009-06-01,,,,,,
2009-06-02,,,,,,
2009-06-03,,,,,,
2009-06-04,,,,,,
2009-06-05,,,,,,
2009-06-08,,,,,,
2009-06-09,,,,,,
2009-06-10,,,,,,
2009-06-11,,,,,,
2009-06-12,,,,,,
2009-06-15,,,,,,
2009-06-16,,,,,,
2009-06-17,,,,,,
2009-06-18,,,,,,
2009-06-19,,,,,,
2009-06-22,,,,,,
2009-06-23,,,,,,
2009-06-24,,,,,,
2009-06-25,,,,,,
2009-06-26,,,,,,
2009-06-29,,,,,,
2009-06-30,,,,,,
2009-07-01,,,,,,
2009-07-02,,,,,,
2009-07-03,,,,,,
2009-07-06,,,,,,
2009-07-07,,,,,,
2009-07-08,,,,,,
2009-07-09,,,,,,
2009-07-10,,,,,,
2009-07-13,,,,,,
2009-07-14,,,,,,
2009-07-15,,,,,,
2009-07-16,,,,,,
2009-07-17,,,,,,
2009-07-20,,,,,,
2009-07-21,,,,,,
2009-07-22,,,,,,
2009-07-23,,,,,,
2009-07-24,,,,,,
2009-07-27,,,,,,
2009-07-28,,,,,,
2009-07-29,,,,,,
2009-07-30,,,,,,
2009-07-31,,,,,,
2009-08-03,,,,,,
2009-08-04,,,,,,
2009-08-05,,,,,,
2009-08-06,,,,,,
2009-08-07,,,,,,
2009-08-10,,,,,,
2009-08-11,,,,,,
2009-08-12,,,,,,
2009-08-13,,,,,,
2009-08-14,,,,,,
2009-08-17,,,,,,
2009-08-18,,,,,,
2009-08-19,,,,,,
2009-08-20,,,,,,
2009-08-21,,,,,,
2009-08-24,,,,,,
2009-08-25,,,,,,
2009-08-26,,,,,,
2009-08-27,,,,,,
2009-08-28,,,,,,
2009-08-31,,,,,,
2009-09-01,,,,,,
2009-09-02,,,,,,
2009-09-03,,,,,,
2009-09-04,,,,,,
2009-09-07,,,,,,
2009-09-08,,,,,,
2009-09-09,,,,,,
2009-09-10,,,,,,
2009-09-11,,,,,,
2009-09-14,,,,,,
2009-09-15,,,,,,
2009-09-16,,,,,,
2009-09-17,,,,,,
2009-09-18,,,,,,
2009-09-22,,,,,,
2009-09-23,,,,,,
2009-09-24,,,,,,
2009-09-25,,,,,,
2009-09-29,,,,,,
2009-09-30,,,,,,
2009-10-01,,,,,,
2009-10-05,,,,,,
2009-10-06,,,,,,
2009-10-07,,,,,,
2009-10-08,,,,,,
2009-10-09,,,,,,
2009-10-12,,,,,,
2009-10-13,,,,,,
2009-10-14,,,,,,
2009-10-15,,,,,,
2009-10-16,,,,,,
2009-10-20,,,,,,
2009-10-21,,,,,,
2009-10-22,,,,,,
2009-10-23,,,,,,
2009-10-26,,,,,,
2009-10-27,,,,,,
2009-10-28,,,,,,
2009-10-29,,,,,,
2009-10-30,,,,,,
2009-11-03,,,,,,
2009-11-04,,,,,,
2009-11-05,,,,,,
2009-11-06,,,,,,
2009-11-09,,,,,,
2009-11-10,,,,,,
2009-11-11,,,,,,
2009-11-12,,,,,,
2009-11-13,,,,,,
2009-11-16,,,,,,
2009-11-17,,,,,,
2009-11-18,,,,,,
2009-11-19,,,,,,
2009-11-20,,,,,,
2009-11-23,,,,,,
2009-11-24,,,,,,
2009-11-25,,,,,,
2009-11-26,,,,,,
2009-11-27,,,,,,
2009-11-30,,,,,,
2009-12-01,,,,,,
2009-12-02,,,,,,
2009-12-03,,,,,,
2009-12-04,,,,,,
2009-12-07,,,,,,
2009-12-08,,,,,,
2009-12-09,,,,,,
2009-12-10,,,,,,
2009-12-11,,,,,,
2009-12-14,,,,,,
2009-12-15,,,,,,
2009-12-16,,,,,,
2009-12-17,,,,,,
2009-12-18,,,,,,
2009-12-21,,,,,,
2009-12-22,,,,,,
2010-01-04,,,,,,
2010-01-05,,,,,,
2010-01-06,,,,,,
2010-01-07,,,,,,
2010-01-08,,,,,,
2010-01-11,,,,,,
2010-01-12,,,,,,
2010-01-13,,,,,,
2010-01-14,,,,,,
2010-01-15,,,,,,
2010-01-18,,,,,,
2010-01-19,,,,,,
2010-01-20,,,,,,
2010-01-21,,,,,,
2010-01-22,,,,,,
2010-01-25,,,,,,
2010-01-27,,,,,,
2010-01-28,,,,,,
2010-01-29,,,,,,
2010-02-01,,,,,,
2010-02-02,,,,,,
2010-02-03,,,,,,
2010-02-04,,,,,,
2010-02-05,,,,,,
2010-02-08,,,,,,
2010-02-09,,,,,,
2010-02-10,,,,,,
2010-02-11,,,,,,
2010-02-15,,,,,,
2010-02-16,,,,,,
2010-02-17,,,,,,
2010-02-18,,,,,,
2010-02-19,,,,,,
2010-02-22,,,,,,
2010-02-23,,,,,,
2010-02-24,,,,,,
2010-02-25,,,,,,
2010-02-26,,,,,,
2010-03-02,,,,,,
2010-03-03,,,,,,
2010-03-04,,,,,,
2010-03-05,,,,,,
2010-03-08,,,,,,
2010-03-09,,,,,,
2010-03-10,,,,,,
2010-03-11,,,,,,
2010-03-12,,,,,,
2010-03-15,,,,,,
2010-03-16,,,,,,
2010-03-17,,,,,,
2010-03-18,,,,,,
2010-03-19,,,,,,
2010-03-22,,,,,,
2010-03-23,,,,,,
2010-03-25,,,,,,
2010-03-26,,,,,,
2010-03-29,,,,,,
2010-03-30,,,,,,
2010-03-31,,,,,,
2010-04-01,,,,,,
2010-04-05,,,,,,
2010-04-06,,,,,,
2010-04-07,,,,,,
2010-04-08,,,,,,
2010-04-09,,,,,,
2010-04-12,,,,,,
2010-04-13,,,,,,
2010-04-15,,,,,,
2010-04-16,,,,,,
2010-04-19,,,,,,
2010-04-20,,,,,,
2010-04-21,,,,,,
2010-04-22,,,,,,
2010-04-23,,,,,,
2010-04-26,,,,,,
2010-04-27,,,,,,
2010-04-28,,,,,,
2010-04-29,,,,,,
2010-04-30,,,,,,
2010-05-03,,,,,,
2010-05-04,,,,,,
2010-05-05,,,,,,
2010-05-06,,,,,,
2010-05-07,,,,,,
2010-05-10,,,,,,
2010-05-11,,,,,,
2010-05-12,,,,,,
2010-05-13,,,,,,
2010-05-14,,,,,,
2010-05-17,,,,,,
2010-05-18,,,,,,
2010-05-19,,,,,,
2010-05-20,,,,,,
2010-05-21,,,,,,
2010-05-24,,,,,,
2010-05-25,,,,,,
2010-05-26,,,,,,
2010-05-27,,,,,,
2010-05-28,,,,,,
2010-05-31,,,,,,
2010-06-01,,,,,,
2010-06-02,,,,,,
2010-06-03,,,,,,
2010-06-04,,,,,,
2010-06-07,,,,,,
2010-06-08,,,,,,
2010-06-09,,,,,,
2010-06-10,,,,,,
2010-06-11,,,,,,
2010-06-14,,,,,,
2010-06-15,,,,,,
2010-06-16,,,,,,
2010-06-17,,,,,,
2010-06-18,,,,,,
2010-06-21,,,,,,
2010-06-22,,,,,,
2010-06-23,,,,,,
2010-06-24,,,,,,
2010-06-25,,,,,,
2010-06-28,,,,,,
2010-06-29,,,,,,
2010-06-30,,,,,,
2010-07-01,,,,,,
2010-07-02,,,,,,
2010-07-05,,,,,,
2010-07-06,,,,,,
2010-07-07,,,,,,
2010-07-08,,,,,,
2010-07-09,,,,,,
2010-07-12,,,,,,
2010-07-13,,,,,,
2010-07-14,,,,,,
2010-07-15,,,,,,
2010-07-16,,,,,,
2010-07-19,,,,,,
2010-07-20,,,,,,
2010-07-21,,,,,,
2010-07-22,,,,,,
2010-07-23,,,,,,
2010-07-26,,,,,,
2010-07-27,,,,,,
2010-07-28,,,,,,
2010-07-29,,,,,,
2010-07-30,,,,,,
2010-08-02,,,,,,
2010-08-03,,,,,,
2010-08-04,,,,,,
2010-08-05,,,,,,
2010-08-06,,,,,,
2010-08-09,,,,,,
2010-08-10,,,,,,
2010-08-11,,,,,,
2010-08-12,,,,,,
2010-08-13,,,,,,
2010-08-16,,,,,,
2010-08-17,,,,,,
2010-08-18,,,,,,
2010-08-19,,,,,,
2010-08-20,,,,,,
2010-08-23,,,,,,
2010-08-24,,,,,,
2010-08-25,,,,,,
2010-08-26,,,,,,
2010-08-27,,,,,,
2010-08-30,,,,,,
2010-08-31,,,,,,
2010-09-01,,,,,,
2010-09-02,,,,,,
2010-09-03,,,,,,
2010-09-06,,,,,,
2010-09-07,,,,,,
2010-09-08,,,,,,
2010-09-09,,,,,,
2010-09-13,,,,,,
2010-09-14,,,,,,
2010-09-15,,,,,,
2010-09-16,,,,,,
2010-09-17,,,,,,
2010-09-20,,,,,,
2010-09-21,,,,,,
2010-09-22,,,,,,
2010-09-23,,,,,,
2010-09-24,,,,,,
2010-09-27,,,,,,
2010-09-28,,,,,,
2010-09-29,,,,,,
2010-09-30,,,,,,
2010-10-01,,,,,,
2010-10-04,,,,,,
2010-10-05,,,,,,
2010-10-06,,,,,,
2010-10-07,,,,,,
2010-10-08,,,,,,
2010-10-11,,,,,,
2010-10-12,,,,,,
2010-10-13,,,,,,
2010-10-14,,,,,,
2010-10-15,,,,,,
2010-10-18,,,,,,
2010-10-19,,,,,,
2010-10-20,,,,,,
2010-10-21,,,,,,
2010-10-22,,,,,,
2010-10-25,,,,,,
2010-10-26,,,,,,
2010-10-27,,,,,,
2010-10-28,,,,,,
2010-10-29,,,,,,
2010-11-01,,,,,,
2010-11-02,,,,,,
2010-11-03,,,,,,
2010-11-04,,,,,,
2010-11-08,,,,,,
2010-11-09,,,,,,
2010-11-10,,,,,,
2010-11-11,,,,,,
2010-11-12,,,,,,
2010-11-15,,,,,,
2010-11-16,,,,,,
2010-11-18,,,,,,
2010-11-19,,,,,,
2010-11-22,,,,,,
2010-11-23,,,,,,
2010-11-24,,,,,,
2010-11-25,,,,,,
2010-11-26,,,,,,
2010-11-29,,,,,,
2010-11-30,,,,,,
2010-12-01,,,,,,
2010-12-02,,,,,,
2010-12-03,,,,,,
2010-12-06,,,,,,
2010-12-07,,,,,,
2010-12-08,,,,,,
2010-12-09,,,,,,
2010-12-10,,,,,,
2010-12-13,,,,,,
2010-12-14,,,,,,
2010-12-15,,,,,,
2010-12-16,,,,,,
2010-12-20,,,,,,
2010-12-21,,,,,,
2010-12-22,,,,,,
2010-12-23,,,,,,
2010-12-24,,,,,,
2010-12-27,,,,,,
2010-12-28,,,,,,
2010-12-29,,,,,,
2010-12-30,,,,,,
2010-12-31,,,,,,
2011-01-03,,,,,,
2011-01-04,,,,,,
2011-01-05,,,,,,
2011-01-06,,,,,,
2011-01-07,,,,,,
2011-01-10,,,,,,
2011-01-11,,,,,,
2011-01-12,,,,,,
2011-01-13,,,,,,
2011-01-14,,,,,,
2011-01-17,,,,,,
2011-01-18,,,,,,
2011-01-19,,,,,,
2011-01-20,,,,,,
2011-01-21,,,,,,
2011-01-24,,,,,,
2011-01-25,,,,,,
2011-01-27,,,,,,
2011-01-28,,,,,,
2011-01-31,,,,,,
2011-02-01,,,,,,
2011-02-02,,,,,,
2011-02-03,,,,,,
2011-02-04,,,,,,
2011-02-07,,,,,,
2011-02-08,,,,,,
2011-02-09,,,,,,
2011-02-10,,,,,,
2011-02-11,,,,,,
2011-02-14,,,,,,
2011-02-15,,,,,,
2011-02-16,,,,,,
2011-02-17,,,,,,
2011-02-18,,,,,,
2011-02-21,,,,,,
2011-02-22,,,,,,
2011-02-23,,,,,,
2011-02-24,,,,,,
2011-02-25,,,,,,
2011-02-28,,,,,,
2011-03-01,,,,,,
2011-03-03,,,,,,
2011-03-04,,,,,,
2011-03-07,,,,,,
2011-03-08,,,,,,
2011-03-09,,,,,,
2011-03-10,,,,,,
2011-03-11,,,,,,
2011-03-14,,,,,,
2011-03-15,,,,,,
2011-03-16,,,,,,
2011-03-17,,,,,,
2011-03-18,,,,,,
2011-03-21,,,,,,
2011-03-22,,,,,,
2011-03-23,,,,,,
2011-03-24,,,,,,
2011-03-25,,,,,,
2011-03-28,,,,,,
2011-03-29,,,,,,
2011-03-30,,,,,,
2011-03-31,,,,,,
2011-04-01,,,,,,
2011-04-04,,,,,,
2011-04-05,,,,,,
2011-04-06,,,,,,
2011-04-07,,,,,,
2011-04-08,,,,,,
2011-04-11,,,,,,
2011-04-13,,,,,,
2011-04-15,,,,,,
2011-04-18,,,,,,
2011-04-19,,,,,,
2011-04-20,,,,,,
2011-04-21,,,,,,
2011-04-25,,,,,,
2011-04-26,,,,,,
2011-04-27,,,,,,
2011-04-28,,,,,,
2011-04-29,,,,,,
2011-05-02,,,,,,
2011-05-03,,,,,,
2011-05-04,,,,,,
2011-05-05,,,,,,
2011-05-06,,,,,,
2011-05-09,,,,,,
2011-05-10,,,,,,
2011-05-11,,,,,,
2011-05-12,,,,,,
2011-05-13,,,,,,
2011-05-16,,,,,,
2011-05-17,,,,,,
2011-05-18,,,,,,
2011-05-19,,,,,,
2011-05-20,,,,,,
2011-05-23,,,,,,
2011-05-24,,,,,,
2011-05-25,,,,,,
2011-05-26,,,,,,
2011-05-27,,,,,,
2011-05-30,,,,,,
2011-05-31,,,,,,
2011-06-01,,,,,,
2011-06-02,,,,,,
2011-06-03,,,,,,
2011-06-06,,,,,,
2011-06-07,,,,,,
2011-06-08,,,,,,
2011-06-09,,,,,,
2011-06-10,,,,,,
2011-06-13,,,,,,
2011-06-14,,,,,,
2011-06-15,,,,,,
2011-06-16,,,,,,
2011-06-17,,,,,,
2011-06-20,,,,,,
2011-06-21,,,,,,
2011-06-22,,,,,,
2011-06-23,,,,,,
2011-06-24,,,,,,
2011-06-27,,,,,,
2011-06-28,,,,,,
2011-06-29,,,,,,
2011-06-30,,,,,,
2011-07-01,,,,,,
2011-07-04,,,,,,
2011-07-05,,,,,,
2011-07-06,,,,,,
2011-07-07,,,,,,
2011-07-08,,,,,,
2011-07-11,,,,,,
2011-07-12,,,,,,
2011-07-13,,,,,,
2011-07-14,,,,,,
2011-07-15,,,,,,
2011-07-18,,,,,,
2011-07-19,,,,,,
2011-07-20,,,,,,
2011-07-21,,,,,,
2011-07-22,,,,,,
2011-07-25,,,,,,
2011-07-26,,,,,,
2011-07-27,,,,,,
2011-07-28,,,,,,
2011-07-29,,,,,,
2011-08-01,,,,,,
2011-08-02,,,,,,
2011-08-03,,,,,,
2011-08-04,,,,,,
2011-08-05,,,,,,
2011-08-08,,,,,,
2011-08-09,,,,,,
2011-08-10,,,,,,
2011-08-11,,,,,,
2011-08-12,,,,,,
2011-08-16,,,,,,
2011-08-17,,,,,,
2011-08-18,,,,,,
2011-08-19,,,,,,
2011-08-22,,,,,,
2011-08-23,,,,,,
2011-08-24,,,,,,
2011-08-25,,,,,,
2011-08-26,,,,,,
2011-08-29,,,,,,
2011-08-30,,,,,,
2011-09-02,,,,,,
2011-09-05,,,,,,
2011-09-06,,,,,,
2011-09-07,,,,,,
2011-09-08,,,,,,
2011-09-09,,,,,,
2011-09-12,,,,,,
2011-09-13,,,,,,
2011-09-14,,,,,,
2011-09-15,,,,,,
2011-09-16,,,,,,
2011-09-19,,,,,,
2011-09-20,,,,,,
2011-09-21,,,,,,
2011-09-22,,,,,,
2011-09-23,,,,,,
2011-09-26,,,,,,
2011-09-27,,,,,,
2011-09-28,,,,,,
2011-09-29,,,,,,
2011-09-30,,,,,,
2011-10-03,,,,,,
2011-10-04,,,,,,
2011-10-05,,,,,,
2011-10-07,,,,,,
2011-10-10,,,,,,
2011-10-11,,,,,,
2011-10-12,,,,,,
2011-10-13,,,,,,
2011-10-14,,,,,,
2011-10-17,,,,,,
2011-10-18,,,,,,
2011-10-19,,,,,,
2011-10-20,,,,,,
2011-10-21,,,,,,
2011-10-24,,,,,,
2011-10-25,,,,,,
2011-10-28,,,,,,
2011-10-31,,,,,,
2011-11-01,,,,,,
2011-11-02,,,,,,
2011-11-03,,,,,,
2011-11-04,,,,,,
2011-11-08,,,,,,
2011-11-09,,,,,,
2011-11-11,,,,,,
2011-11-14,,,,,,
2011-11-15,,,,,,
2011-11-16,,,,,,
2011-11-17,,,,,,
2011-11-18,,,,,,
2011-11-21,,,,,,
2011-11-22,,,,,,
2011-11-23,,,,,,
2011-11-24,,,,,,
2011-11-25,,,,,,
2011-11-28,,,,,,
2011-11-29,,,,,,
2011-11-30,,,,,,
2011-12-01,,,,,,
2011-12-02,,,,,,
2011-12-05,,,,,,
2011-12-07,,,,,,
2011-12-08,,,,,,
2011-12-09,,,,,,
2011-12-12,,,,,,
2011-12-13,,,,,,
2011-12-14,,,,,,
2011-12-15,,,,,,
2011-12-16,,,,,,
2011-12-19,,,,,,
2011-12-20,,,,,,
2011-12-21,,,,,,
2011-12-22,,,,,,
2011-12-23,,,,,,
2011-12-26,,,,,,
2011-12-27,,,,,,
2011-12-28,,,,,,
2011-12-29,,,,,,
2011-12-30,,,,,,
2012-01-02,,,,,,
2012-01-03,,,,,,
2012-01-04,,,,,,
2012-01-05,,,,,,
2012-01-06,,,,,,
2012-01-09,,,,,,
2012-01-10,,,,,,
2012-01-11,,,,,,
2012-01-12,,,,,,
2012-01-13,,,,,,
2012-01-16,,,,,,
2012-01-17,,,,,,
2012-01-18,,,,,,
2012-01-19,,,,,,
2012-01-20,,,,,,
2012-01-23,,,,,,
2012-01-24,,,,,,
2012-01-25,,,,,,
2012-01-27,,,,,,
2012-01-30,,,,,,
2012-01-31,,,,,,
2012-02-01,,,,,,
2012-02-02,,,,,,
2012-02-03,,,,,,
2012-02-06,,,,,,
2012-02-07,,,,,,
2012-02-08,,,,,,
2012-02-09,,,,,,
2012-02-10,,,,,,
2012-02-13,,,,,,
2012-02-14,,,,,,
2012-02-15,,,,,,
2012-02-16,,,,,,
2012-02-17,,,,,,
2012-02-21,,,,,,
2012-02-22,,,,,,
2012-02-23,,,,,,
2012-02-24,,,,,,
2012-02-27,,,,,,
2012-02-28,,,,,,
2012-02-29,,,,,,
2012-03-01,,,,,,
2012-03-02,,,,,,
2012-03-05,,,,,,
2012-03-06,,,,,,
2012-03-07,,,,,,
2012-03-09,,,,,,
2012-03-12,,,,,,
2012-03-13,,,,,,
2012-03-14,,,,,,
2012-03-15,,,,,,
2012-03-16,,,,,,
2012-03-19,,,,,,
2012-03-20,,,,,,
2012-03-21,,,,,,
2012-03-22,,,,,,
2012-03-23,,,,,,
2012-03-26,,,,,,
2012-03-27,,,,,,
2012-03-28,,,,,,
2012-03-29,,,,,,
2012-03-30,,,,,,
2012-04-02,,,,,,
2012-04-03,,,,,,
2012-04-04,,,,,,
2012-04-09,,,,,,
2012-04-10,,,,,,
2012-04-11,,,,,,
2012-04-12,,,,,,
2012-04-13,,,,,,
2012-04-16,,,,,,
2012-04-17,,,,,,
2012-04-18,,,,,,
2012-04-19,,,,,,
2012-04-20,,,,,,
2012-04-23,,,,,,
2012-04-24,,,,,,
2012-04-25,,,,,,
2012-04-26,,,,,,
2012-04-27,,,,,,
2012-04-30,,,,,,
2012-05-02,,,,,,
2012-05-03,,,,,,
2012-05-04,,,,,,
2012-05-07,,,,,,
2012-05-08,,,,,,
2012-05-09,,,,,,
2012-05-10,,,,,,
2012-05-11,,,,,,
2012-05-14,,,,,,
2012-05-15,,,,,,
2012-05-16,,,,,,
2012-05-17,,,,,,
2012-05-18,,,,,,
2012-05-21,,,,,,
2012-05-22,,,,,,
2012-05-23,,,,,,
2012-05-24,,,,,,
2012-05-25,,,,,,
2012-05-28,,,,,,
2012-05-29,,,,,,
2012-05-30,,,,,,
2012-05-31,,,,,,
2012-06-01,,,,,,
2012-06-04,,,,,,
2012-06-05,,,,,,
2012-06-06,,,,,,
2012-06-07,,,,,,
2012-06-08,,,,,,
2012-06-11,,,,,,
2012-06-12,,,,,,
2012-06-13,,,,,,
2012-06-14,,,,,,
2012-06-15,,,,,,
2012-06-18,,,,,,
2012-06-19,,,,,,
2012-06-20,,,,,,
2012-06-21,,,,,,
2012-06-22,,,,,,
2012-06-25,,,,,,
2012-06-26,,,,,,
2012-06-27,,,,,,
2012-06-28,,,,,,
2012-06-29,,,,,,
2012-07-02,,,,,,
2012-07-03,,,,,,
2012-07-04,,,,,,
2012-07-05,,,,,,
2012-07-06,,,,,,
2012-07-09,,,,,,
2012-07-10,,,,,,
2012-07-11,,,,,,
2012-07-12,,,,,,
2012-07-13,,,,,,
2012-07-16,,,,,,
2012-07-17,,,,,,
2012-07-18,,,,,,
2012-07-19,,,,,,
2012-07-20,,,,,,
2012-07-23,,,,,,
2012-07-24,,,,,,
2012-07-25,,,,,,
2012-07-26,,,,,,
2012-07-27,,,,,,
2012-07-30,,,,,,
2012-07-31,,,,,,
2012-08-01,,,,,,
2012-08-02,,,,,,
2012-08-03,,,,,,
2012-08-06,,,,,,
2012-08-07,,,,,,
2012-08-08,,,,,,
2012-08-09,,,,,,
2012-08-10,,,,,,
2012-08-13,,,,,,
2012-08-14,,,,,,
2012-08-16,,,,,,
2012-08-17,,,,,,
2012-08-21,,,,,,
2012-08-22,,,,,,
2012-08-23,,,,,,
2012-08-24,,,,,,
2012-08-27,,,,,,
2012-08-28,,,,,,
2012-08-29,,,,,,
2012-08-30,,,,,,
2012-08-31,,,,,,
2012-09-03,,,,,,
2012-09-04,,,,,,
2012-09-05,,,,,,
2012-09-06,,,,,,
2012-09-07,,,,,,
2012-09-10,,,,,,
2012-09-11,,,,,,
2012-09-12,,,,,,
2012-09-13,,,,,,
2012-09-14,,,,,,
2012-09-17,,,,,,
2012-09-18,,,,,,
2012-09-20,,,,,,
2012-09-21,,,,,,
2012-09-24,,,,,,
2012-09-25,,,,,,
2012-09-26,,,,,,
2012-09-27,,,,,,
2012-09-28,,,,,,
2012-10-01,,,,,,
2012-10-03,,,,,,
2012-10-04,,,,,,
2012-10-05,,,,,,
2012-10-08,,,,,,
2012-10-09,,,,,,
2012-10-10,,,,,,
2012-10-11,,,,,,
2012-10-12,,,,,,
2012-10-15,,,,,,
2012-10-16,,,,,,
2012-10-17,,,,,,
2012-10-18,,,,,,
2012-10-19,,,,,,
2012-10-22,,,,,,
2012-10-23,,,,,,
2012-10-25,,,,,,
2012-10-29,,,,,,
2012-10-30,,,,,,
2012-10-31,,,,,,
2012-11-01,,,,,,
2012-11-02,,,,,,
2012-11-05,,,,,,
2012-11-06,,,,,,
2012-11-07,,,,,,
2012-11-08,,,,,,
2012-11-09,,,,,,
2012-11-12,,,,,,
2012-11-15,,,,,,
2012-11-16,,,,,,
2012-11-19,,,,,,
2012-11-20,,,,,,
2012-11-21,,,,,,
2012-11-22,,,,,,
2012-11-23,,,,,,
2012-11-26,,,,,,
2012-11-27,,,,,,
2012-11-29,,,,,,
2012-11-30,,,,,,
2012-12-03,,,,,,
2012-12-04,,,,,,
2012-12-05,,,,,,
2012-12-06,,,,,,
2012-12-07,,,,,,
2012-12-10,,,,,,
2012-12-11,,,,,,
2012-12-12,,,,,,
2012-12-13,,,,,,
2012-12-14,,,,,,
2012-12-17,,,,,,
2012-12-18,,,,,,
2012-12-19,,,,,,
2012-12-20,,,,,,
2012-12-21,,,,,,
2012-12-24,,,,,,
2012-12-26,,,,,,
2012-12-27,,,,,,
2012-12-28,,,,,,
2012-12-31,,,,,,
2013-01-01,,,,,,
2013-01-02,,,,,,
2013-01-03,,,,,,
2013-01-04,,,,,,
2013-01-07,,,,,,
2013-01-08,,,,,,
2013-01-09,,,,,,
2013-01-10,,,,,,
2013-01-11,,,,,,
2013-01-14,,,,,,
2013-01-15,,,,,,
2013-01-16,,,,,,
2013-01-17,,,,,,
2013-01-18,,,,,,
2013-01-21,,,,,,
2013-01-22,,,,,,
2013-01-23,,,,,,
2013-01-24,,,,,,
2013-01-25,,,,,,
2013-01-28,,,,,,
2013-01-29,,,,,,
2013-01-30,,,,,,
2013-01-31,,,,,,
2013-02-01,,,,,,
2013-02-04,,,,,,
2013-02-05,,,,,,
2013-02-06,,,,,,
2013-02-07,,,,,,
2013-02-08,,,,,,
2013-02-11,,,,,,
2013-02-12,,,,,,
2013-02-13,,,,,,
2013-02-14,,,,,,
2013-02-15,,,,,,
2013-02-18,,,,,,
2013-02-19,,,,,,
2013-02-20,,,,,,
2013-02-21,,,,,,
2013-02-22,,,,,,
2013-02-25,,,,,,
2013-02-26,,,,,,
2013-02-27,,,,,,
2013-02-28,,,,,,
2013-03-01,,,,,,
2013-03-04,,,,,,
2013-03-05,,,,,,
2013-03-06,,,,,,
2013-03-07,,,,,,
2013-03-08,,,,,,
2013-03-11,,,,,,
2013-03-12,,,,,,
2013-03-13,,,,,,
2013-03-14,,,,,,
2013-03-15,,,,,,
2013-03-18,,,,,,
2013-03-19,,,,,,
2013-03-20,,,,,,
2013-03-21,,,,,,
2013-03-22,,,,,,
2013-03-25,,,,,,
2013-03-26,,,,,,
2013-03-28,,,,,,
2013-04-01,,,,,,
2013-04-02,,,,,,
2013-04-03,,,,,,
2013-04-04,,,,,,
2013-04-05,,,,,,
2013-04-08,,,,,,
2013-04-09,,,,,,
2013-04-10,,,,,,
2013-04-11,,,,,,
2013-04-12,,,,,,
2013-04-15,,,,,,
2013-04-16,,,,,,
2013-04-17,,,,,,
2013-04-18,,,,,,
2013-04-22,,,,,,
2013-04-23,,,,,,
2013-04-25,,,,,,
2013-04-26,,,,,,
2013-04-29,,,,,,
2013-04-30,,,,,,
2013-05-02,,,,,,
2013-05-03,,,,,,
2013-05-06,,,,,,
2013-05-07,,,,,,
2013-05-08,,,,,,
2013-05-09,,,,,,
2013-05-10,,,,,,
2013-05-13,,,,,,
2013-05-14,,,,,,
2013-05-15,,,,,,
2013-05-16,,,,,,
2013-05-17,,,,,,
2013-05-20,,,,,,
2013-05-21,,,,,,
2013-05-22,,,,,,
2013-05-23,,,,,,
2013-05-24,,,,,,
2013-05-27,,,,,,
2013-05-28,,,,,,
2013-05-29,,,,,,
2013-05-30,,,,,,
2013-05-31,,,,,,
2013-06-03,,,,,,
2013-06-04,,,,,,
2013-06-05,,,,,,
2013-06-06,,,,,,
2013-06-07,,,,,,
2013-06-10,,,,,,
2013-06-11,,,,,,
2013-06-12,,,,,,
2013-06-13,,,,,,
2013-06-14,,,,,,
2013-06-17,,,,,,
2013-06-18,,,,,,
2013-06-19,,,,,,
2013-06-20,,,,,,
2013-06-21,,,,,,
2013-06-24,,,,,,
2013-06-25,,,,,,
2013-06-26,,,,,,
2013-06-27,,,,,,
2013-06-28,,,,,,
2013-07-01,,,,,,
2013-07-02,,,,,,
2013-07-03,,,,,,
2013-07-04,,,,,,
2013-07-05,,,,,,
2013-07-08,,,,,,
2013-07-09,,,,,,
2013-07-10,,,,,,
2013-07-11,,,,,,
2013-07-12,,,,,,
2013-07-15,,,,,,
2013-07-16,,,,,,
2013-07-17,,,,,,
2013-07-18,,,,,,
2013-07-19,,,,,,
2013-07-22,,,,,,
2013-07-23,,,,,,
2013-07-24,,,,,,
2013-07-25,,,,,,
2013-07-26,,,,,,
2013-07-29,,,,,,
2013-07-30,,,,,,
2013-07-31,,,,,,
2013-08-01,,,,,,
2013-08-02,,,,,,
2013-08-05,,,,,,
2013-08-06,,,,,,
2013-08-07,,,,,,
2013-08-08,,,,,,
2013-08-12,,,,,,
2013-08-13,,,,,,
2013-08-14,,,,,,
2013-08-16,,,,,,
2013-08-19,,,,,,
2013-08-20,,,,,,
2013-08-21,,,,,,
2013-08-22,,,,,,
2013-08-23,,,,,,
2013-08-26,,,,,,
2013-08-27,,,,,,
2013-08-28,,,,,,
2013-08-29,,,,,,
2013-08-30,,,,,,
2013-09-02,,,,,,
2013-09-03,,,,,,
2013-09-04,,,,,,
2013-09-05,,,,,,
2013-09-06,,,,,,
2013-09-10,,,,,,
2013-09-11,,,,,,
2013-09-12,,,,,,
2013-09-13,,,,,,
2013-09-16,,,,,,
2013-09-17,,,,,,
2013-09-18,,,,,,
2013-09-19,,,,,,
2013-09-20,,,,,,
2013-09-23,,,,,,
2013-09-24,,,,,,
2013-09-25,,,,,,
2013-09-26,,,,,,
2013-09-27,,,,,,
2013-09-30,,,,,,
2013-10-01,,,,,,
2013-10-03,,,,,,
2013-10-04,,,,,,
2013-10-07,,,,,,
2013-10-08,,,,,,
2013-10-09,,,,,,
2013-10-10,,,,,,
2013-10-11,,,,,,
2013-10-14,,,,,,
2013-10-15,,,,,,
2013-10-17,,,,,,
2013-10-18,,,,,,
2013-10-21,,,,,,
2013-10-22,,,,,,
2013-10-23,,,,,,
2013-10-24,,,,,,
2013-10-25,,,,,,
2013-10-28,,,,,,
2013-10-29,,,,,,
2013-10-30,,,,,,
2013-10-31,,,,,,
2013-11-01,,,,,,
2013-11-05,,,,,,
2013-11-06,,,,,,
2013-11-07,,,,,,
2013-11-08,,,,,,
2013-11-11,,,,,,
2013-11-12,,,,,,
2013-11-13,,,,,,
2013-11-14,,,,,,
2013-11-18,,,,,,
2013-11-19,,,,,,
2013-11-20,,,,,,
2013-11-21,,,,,,
2013-11-22,,,,,,
2013-11-25,,,,,,
2013-11-26,,,,,,
2013-11-27,,,,,,
2013-11-28,,,,,,
2013-11-29,,,,,,
2013-12-02,,,,,,
2013-12-03,,,,,,
2013-12-04,,,,,,
2013-12-05,,,,,,
2013-12-06,,,,,,
2013-12-09,,,,,,
2013-12-10,,,,,,
2013-12-11,,,,,,
2013-12-12,,,,,,
2013-12-13,,,,,,
2013-12-16,,,,,,
2013-12-17,,,,,,
2013-12-18,,,,,,
2013-12-19,,,,,,
2013-12-20,,,,,,
2013-12-23,,,,,,
2013-12-24,,,,,,
2013-12-26,,,,,,
2013-12-27,,,,,,
2013-12-30,,,,,,
2013-12-31,,,,,,
2014-01-01,,,,,,
2014-01-02,,,,,,
2014-01-03,,,,,,
2014-01-06,,,,,,
2014-01-07,,,,,,
2014-01-08,,,,,,
2014-01-09,,,,,,
2014-01-10,,,,,,
2014-01-13,,,,,,
2014-01-14,,,,,,
2014-01-15,,,,,,
2014-01-16,,,,,,
2014-01-17,,,,,,
2014-01-20,,,,,,
2014-01-21,,,,,,
2014-01-22,,,,,,
2014-01-23,,,,,,
2014-01-24,,,,,,
2014-01-27,,,,,,
2014-01-28,,,,,,
2014-01-29,,,,,,
2014-01-30,,,,,,
2014-01-31,,,,,,
2014-02-03,,,,,,
2014-02-04,,,,,,
2014-02-05,,,,,,
2014-02-06,,,,,,
2014-02-07,,,,,,
2014-02-10,,,,,,
2014-02-11,,,,,,
2014-02-12,,,,,,
2014-02-13,,,,,,
2014-02-14,,,,,,
2014-02-17,,,,,,
2014-02-18,,,,,,
2014-02-19,,,,,,
2014-02-20,,,,,,
2014-02-21,,,,,,
2014-02-24,,,,,,
2014-02-25,,,,,,
2014-02-26,,,,,,
2014-02-28,,,,,,
2014-03-03,,,,,,
2014-03-04,,,,,,
2014-03-05,,,,,,
2014-03-06,,,,,,
2014-03-07,,,,,,
2014-03-10,,,,,,
2014-03-11,,,,,,
2014-03-12,,,,,,
2014-03-13,,,,,,
2014-03-14,,,,,,
2014-03-18,,,,,,
2014-03-19,,,,,,
2014-03-20,,,,,,
2014-03-21,,,,,,
2014-03-24,,,,,,
2014-03-25,,,,,,
2014-03-26,,,,,,
2014-03-27,,,,,,
2014-03-28,,,,,,
2014-03-31,,,,,,
2014-04-01,,,,,,
2014-04-02,,,,,,
2014-04-03,,,,,,
2014-04-04,,,,,,
2014-04-07,,,,,,
2014-04-09,,,,,,
2014-04-10,,,,,,
2014-04-11,,,,,,
2014-04-15,,,,,,
2014-04-16,,,,,,
2014-04-17,,,,,,
2014-04-21,,,,,,
2014-04-22,,,,,,
2014-04-23,,,,,,
2014-04-24,,,,,,
2014-04-25,,,,,,
2014-04-28,,,,,,
2014-04-29,,,,,,
2014-04-30,,,,,,
2014-05-02,,,,,,
2014-05-05,,,,,,
2014-05-06,,,,,,
2014-05-07,,,,,,
2014-05-08,,,,,,
2014-05-09,,,,,,
2014-05-12,,,,,,
2014-05-13,,,,,,
2014-05-14,,,,,,
2014-05-15,,,,,,
2014-05-16,,,,,,
2014-05-19,,,,,,
2014-05-20,,,,,,
2014-05-21,,,,,,
2014-05-22,,,,,,
2014-05-23,,,,,,
2014-05-26,,,,,,
2014-05-27,,,,,,
2014-05-28,,,,,,
2014-05-29,,,,,,
2014-05-30,,,,,,
2014-06-02,,,,,,
2014-06-03,,,,,,
2014-06-04,,,,,,
2014-06-05,,,,,,
2014-06-06,,,,,,
2014-06-09,,,,,,
2014-06-10,,,,,,
2014-06-11,,,,,,
2014-06-12,,,,,,
2014-06-13,,,,,,
2014-06-16,,,,,,
2014-06-17,,,,,,
2014-06-18,,,,,,
2014-06-19,,,,,,
2014-06-20,,,,,,
2014-06-23,,,,,,
2014-06-24,,,,,,
2014-06-25,,,,,,
2014-06-26,,,,,,
2014-06-27,,,,,,
2014-06-30,,,,,,
2014-07-01,,,,,,
2014-07-02,,,,,,
2014-07-03,,,,,,
2014-07-04,,,,,,
2014-07-07,,,,,,
2014-07-08,,,,,,
2014-07-09,,,,,,
2014-07-10,,,,,,
2014-07-11,,,,,,
2014-07-14,,,,,,
2014-07-15,,,,,,
2014-07-16,,,,,,
2014-07-17,,,,,,
2014-07-18,,,,,,
2014-07-21,,,,,,
2014-07-22,,,,,,
2014-07-23,,,,,,
2014-07-24,,,,,,
2014-07-25,,,,,,
2014-07-28,,,,,,
2014-07-30,,,,,,
2014-07-31,,,,,,
2014-08-01,,,,,,
2014-08-04,,,,,,
2014-08-05,,,,,,
2014-08-06,,,,,,
2014-08-07,,,,,,
2014-08-08,,,,,,
2014-08-11,,,,,,
2014-08-12,,,,,,
2014-08-13,,,,,,
2014-08-14,,,,,,
2014-08-18,,,,,,
2014-08-19,,,,,,
2014-08-20,,,,,,
2014-08-21,,,,,,
2014-08-22,,,,,,
2014-08-25,,,,,,
2014-08-26,,,,,,
2014-08-27,,,,,,
2014-08-28,,,,,,
2014-09-01,,,,,,
2014-09-02,,,,,,
2014-09-03,,,,,,
2014-09-04,,,,,,
2014-09-05,,,,,,
2014-09-08,,,,,,
2014-09-09,,,,,,
2014-09-10,,,,,,
2014-09-11,,,,,,
2014-09-12,,,,,,
2014-09-15,,,,,,
2014-09-16,,,,,,
2014-09-17,,,,,,
2014-09-18,,,,,,
2014-09-19,,,,,,
2014-09-22,,,,,,
2014-09-23,,,,,,
2014-09-24,,,,,,
2014-09-25,,,,,,
2014-09-26,,,,,,
2014-09-29,,,,,,
2014-09-30,,,,,,
2014-10-01,180.0,182.0,171.0,171.0,167.22637939453125,1311237.0
2014-10-07,162.4499969482422,162.4499969482422,162.4499969482422,162.4499969482422,158.8650665283203,71470.0
2014-10-08,154.35000610351562,154.35000610351562,154.35000610351562,154.35000610351562,150.94384765625,160175.0
2014-10-09,146.64999389648438,158.0,146.64999389648438,156.0500030517578,152.6063232421875,568988.0
2014-10-10,149.64999389648438,156.0,149.64999389648438,154.0,150.60154724121094,235579.0
2014-10-13,155.0,159.64999389648438,152.6999969482422,157.8000030517578,154.3177032470703,74449.0
2014-10-14,154.0500030517578,156.5,152.75,153.8000030517578,150.4059600830078,34303.0
2014-10-15,153.8000030517578,153.8000030517578,153.8000030517578,153.8000030517578,150.4059600830078,0.0
2014-10-16,153.8000030517578,154.85000610351562,147.0,148.64999389648438,145.36959838867188,34505.0
2014-10-17,147.0,148.75,144.0,146.10000610351562,142.8759002685547,16504.0
2014-10-20,148.0,153.39999389648438,148.0,153.39999389648438,150.01478576660156,10922.0
2014-10-21,159.0,165.0,153.5,160.35000610351562,156.81141662597656,238290.0
2014-10-22,159.75,171.0,157.5500030517578,163.14999389648438,159.54962158203125,215936.0
2014-10-27,161.0500030517578,164.35000610351562,156.0500030517578,157.10000610351562,153.6331329345703,37560.0
2014-10-28,157.5,157.5,153.0500030517578,154.89999389648438,151.48167419433594,38793.0
2014-10-29,154.5,161.5,153.5500030517578,157.39999389648438,153.92649841308594,47083.0
2014-10-30,157.89999389648438,161.75,155.25,160.25,156.71360778808594,43939.0
2014-10-31,163.6999969482422,165.39999389648438,158.64999389648438,163.9499969482422,160.33197021484375,147988.0
2014-11-03,161.10000610351562,163.9499969482422,161.0,161.5,157.93605041503906,25458.0
2014-11-05,162.5,166.0,160.1999969482422,161.1999969482422,157.64263916015625,49138.0
2014-11-07,161.1999969482422,162.4499969482422,160.0,160.0500030517578,156.51803588867188,20402.0
2014-11-10,160.6999969482422,162.85000610351562,159.0500030517578,160.3000030517578,156.7625274658203,39621.0
2014-11-11,160.0500030517578,167.0,160.0,164.1999969482422,160.57644653320312,148843.0
2014-11-12,165.4499969482422,170.5,162.60000610351562,166.0500030517578,162.38563537597656,153740.0
2014-11-13,166.0,168.75,163.0,163.25,159.6474151611328,27158.0
2014-11-14,162.25,167.75,162.1999969482422,165.10000610351562,161.4566192626953,29516.0
2014-11-17,166.0,174.5,164.0,172.75,168.93777465820312,123998.0
2014-11-18,174.0,195.89999389648438,173.8000030517578,186.14999389648438,182.0420684814453,714880.0
2014-11-19,187.75,192.35000610351562,178.0,181.3000030517578,177.29910278320312,224149.0
2014-11-20,217.39999389648438,217.39999389648438,200.10000610351562,205.75,201.20953369140625,987159.0
2014-11-21,208.8000030517578,209.60000610351562,197.10000610351562,205.14999389648438,200.6227569580078,317856.0
2014-11-24,207.64999389648438,209.0,201.5500030517578,204.9499969482422,200.4271697998047,233866.0
2014-11-25,207.0,207.0,190.6999969482422,194.8000030517578,190.5011749267578,126856.0
2014-11-26,194.64999389648438,201.0,192.9499969482422,198.5,194.11952209472656,80191.0
2014-11-27,198.0,207.5,198.0,203.9499969482422,199.44924926757812,131494.0
2014-11-28,200.0,206.0,199.0,200.35000610351562,195.92869567871094,55345.0
2014-12-01,200.0,203.89999389648438,192.64999389648438,193.8000030517578,189.5232696533203,44933.0
2014-12-02,194.39999389648438,196.9499969482422,190.1999969482422,193.8000030517578,189.5232696533203,39010.0
2014-12-03,195.0,198.0,191.0,192.85000610351562,188.59422302246094,35610.0
2014-12-04,194.0,195.10000610351562,185.9499969482422,187.14999389648438,183.01998901367188,43762.0
2014-12-05,185.0,193.9499969482422,185.0,187.64999389648438,183.5089569091797,49225.0
2014-12-08,194.9499969482422,194.9499969482422,182.39999389648438,184.14999389648438,180.08619689941406,31163.0
2014-12-09,182.3000030517578,183.14999389648438,172.0,176.10000610351562,172.21385192871094,60881.0
2014-12-10,176.25,178.75,168.60000610351562,171.5500030517578,167.76426696777344,44811.0
2014-12-11,172.0,172.0,161.10000610351562,167.89999389648438,164.19479370117188,56549.0
2014-12-12,168.60000610351562,172.10000610351562,164.0,165.8000030517578,162.14112854003906,33840.0
2014-12-15,164.0,167.9499969482422,161.10000610351562,161.89999389648438,158.3271942138672,22087.0
2014-12-16,167.85000610351562,167.85000610351562,156.25,158.4499969482422,154.95333862304688,33326.0
2014-12-17,157.0,159.8000030517578,145.0,154.60000610351562,151.1883087158203,32065.0
2014-12-18,157.1999969482422,166.0,156.1999969482422,159.60000610351562,156.07797241210938,22346.0
2014-12-19,165.3000030517578,165.3000030517578,158.0,158.9499969482422,155.44232177734375,37637.0
2014-12-22,159.75,164.6999969482422,159.60000610351562,161.6999969482422,158.13162231445312,27736.0
2014-12-23,161.5,162.64999389648438,159.0,160.3000030517578,156.7625274658203,13274.0
2014-12-24,159.5500030517578,161.0,158.0,159.25,155.73570251464844,20550.0
2014-12-26,162.6999969482422,162.6999969482422,157.0,158.75,155.24673461914062,16238.0
2014-12-29,157.0,161.5,157.0,160.0,156.46914672851562,12855.0
2014-12-30,161.0,162.0,159.14999389648438,160.89999389648438,157.34925842285156,7318.0
2014-12-31,161.75,164.3000030517578,160.25,163.3000030517578,159.69631958007812,21685.0
2015-01-01,163.0,176.0,162.0500030517578,169.35000610351562,165.61280822753906,34530.0
2015-01-02,168.25,201.0,168.25,192.25,188.0074462890625,551543.0
2015-01-05,198.10000610351562,199.10000610351562,185.5500030517578,189.9499969482422,185.75820922851562,130395.0
2015-01-06,188.0,188.0,173.9499969482422,176.35000610351562,172.45834350585938,200970.0
2015-01-07,177.0500030517578,182.0,171.6999969482422,173.64999389648438,169.81790161132812,60327.0
2015-01-08,178.75,193.89999389648438,178.75,186.5,182.3843231201172,245997.0
2015-01-09,187.85000610351562,189.85000610351562,184.10000610351562,185.64999389648438,181.55308532714844,42208.0
2015-01-12,183.10000610351562,187.5,183.0,184.3000030517578,180.23289489746094,29592.0
2015-01-13,182.10000610351562,189.0,181.60000610351562,186.25,182.13986206054688,24675.0
2015-01-14,182.10000610351562,188.9499969482422,179.0,182.5,178.4726104736328,40140.0
2015-01-15,194.0,194.0,182.5,184.1999969482422,180.1350860595703,13441.0
2015-01-16,185.9499969482422,189.0,182.1999969482422,187.5,183.36227416992188,29509.0
2015-01-19,187.0500030517578,197.0,187.0,195.10000610351562,190.7945556640625,209191.0
2015-01-20,195.10000610351562,202.85000610351562,194.9499969482422,199.85000610351562,195.43975830078125,176968.0
2015-01-21,203.5,239.8000030517578,196.0500030517578,239.8000030517578,234.5081329345703,1096546.0
2015-01-22,244.6999969482422,277.6499938964844,241.39999389648438,248.25,242.77163696289062,804594.0
2015-01-23,250.0,293.0,247.9499969482422,265.8999938964844,260.0321044921875,1021658.0
2015-01-27,269.79998779296875,271.20001220703125,245.9499969482422,251.89999389648438,246.34107971191406,110605.0
2015-01-28,253.8000030517578,253.8000030517578,228.60000610351562,234.3000030517578,229.12950134277344,107602.0
2015-01-29,234.0500030517578,252.0,227.3000030517578,238.60000610351562,233.3345947265625,339062.0
2015-01-30,242.39999389648438,250.9499969482422,231.10000610351562,235.6999969482422,230.4985809326172,62665.0
2015-02-02,235.9499969482422,236.89999389648438,230.14999389648438,233.85000610351562,228.68943786621094,20328.0
2015-02-03,234.0,243.60000610351562,231.4499969482422,232.5500030517578,227.41812133789062,35111.0
2015-02-04,235.35000610351562,238.5,223.0,227.89999389648438,222.87074279785156,111124.0
2015-02-05,234.9499969482422,234.9499969482422,212.5,215.1999969482422,210.45098876953125,72723.0
2015-02-06,215.0,215.4499969482422,206.0,208.39999389648438,203.80105590820312,113029.0
2015-02-09,188.25,224.0,188.25,215.89999389648438,211.1355438232422,59146.0
2015-02-10,216.0,221.0,206.9499969482422,209.4499969482422,204.827880859375,29976.0
2015-02-11,211.0500030517578,226.0,210.60000610351562,212.64999389648438,207.95726013183594,62636.0
2015-02-12,214.75,224.39999389648438,210.0,219.1999969482422,214.3627166748047,45779.0
2015-02-13,219.9499969482422,223.0,215.4499969482422,217.1999969482422,212.4068603515625,33342.0
2015-02-16,217.0500030517578,221.0,213.0,214.9499969482422,210.20648193359375,13293.0
2015-02-18,214.9499969482422,218.0,209.1999969482422,210.9499969482422,206.2947998046875,23587.0
2015-02-19,209.5,214.60000610351562,207.25,210.25,205.6102294921875,24864.0
2015-02-20,210.64999389648438,217.0,209.0,210.39999389648438,205.75689697265625,9135.0
2015-02-23,210.0500030517578,212.0,198.8000030517578,203.39999389648438,198.911376953125,10884.0
2015-02-24,203.5500030517578,217.0,199.0,203.14999389648438,198.6669158935547,159539.0
2015-02-25,208.0,208.0,203.0500030517578,204.5,199.98712158203125,8561.0
2015-02-26,204.60000610351562,210.10000610351562,200.3000030517578,202.8000030517578,198.32464599609375,13134.0
2015-02-27,204.0500030517578,207.0,199.89999389648438,203.1999969482422,198.71578979492188,11339.0
2015-03-02,207.0,216.0500030517578,206.25,213.4499969482422,208.73960876464844,19976.0
2015-03-03,215.5,228.89999389648438,213.0,222.39999389648438,217.49208068847656,48221.0
2015-03-04,224.8000030517578,231.89999389648438,205.10000610351562,214.64999389648438,209.91311645507812,56731.0
2015-03-05,210.64999389648438,222.75,210.64999389648438,214.25,209.52195739746094,38540.0
2015-03-09,214.0,232.5,210.25,215.1999969482422,210.45098876953125,106509.0
2015-03-10,215.0,224.89999389648438,215.0,216.0500030517578,211.28221130371094,22636.0
2015-03-11,216.1999969482422,219.89999389648438,213.6999969482422,214.64999389648438,209.91311645507812,12913.0
2015-03-12,214.9499969482422,219.39999389648438,211.25,214.5,209.76644897460938,11303.0
2015-03-13,214.5500030517578,217.0,204.0,206.25,201.69847106933594,19883.0
2015-03-16,233.89999389648438,233.89999389648438,211.0,212.5500030517578,207.8594512939453,275477.0
2015-03-17,214.64999389648438,219.0,213.0,214.89999389648438,210.15760803222656,63247.0
2015-03-18,215.89999389648438,222.5,213.10000610351562,214.39999389648438,209.6686553955078,90342.0
2015-03-19,214.89999389648438,217.5,204.0,205.85000610351562,201.30734252929688,40167.0
2015-03-20,206.0500030517578,210.85000610351562,202.1999969482422,203.4499969482422,198.96029663085938,22867.0
2015-03-23,212.5500030517578,212.5500030517578,192.5,193.14999389648438,188.88758850097656,30524.0
2015-03-24,192.0,195.0,184.4499969482422,188.4499969482422,184.2913055419922,26132.0
2015-03-25,190.10000610351562,194.0,182.0,183.6999969482422,179.6461181640625,19209.0
2015-03-26,183.0,185.0,170.5,173.89999389648438,170.0623779296875,47374.0
2015-03-27,175.0,180.60000610351562,172.89999389648438,175.1999969482422,171.33370971679688,34142.0
2015-03-30,181.0,185.89999389648438,176.1999969482422,179.9499969482422,175.9788818359375,47357.0
2015-03-31,181.0,191.9499969482422,180.9499969482422,183.35000610351562,179.30386352539062,34109.0
2015-04-01,183.9499969482422,186.0,181.0,184.14999389648438,180.08619689941406,70546.0
2015-04-06,188.89999389648438,188.89999389648438,183.0,183.85000610351562,179.79283142089844,60445.0
2015-04-07,184.89999389648438,187.89999389648438,181.0500030517578,183.8000030517578,179.74392700195312,37919.0
2015-04-08,187.6999969482422,198.0,184.1999969482422,192.0,187.7629852294922,57042.0
2015-04-09,197.0,198.0,188.10000610351562,195.0500030517578,190.7456817626953,138413.0
2015-04-10,198.4499969482422,201.39999389648438,193.14999389648438,194.64999389648438,190.3544921875,160027.0
2015-04-13,196.39999389648438,198.60000610351562,195.0,197.89999389648438,193.5327606201172,24647.0
2015-04-15,199.60000610351562,199.60000610351562,193.39999389648438,195.0,190.69676208496094,82592.0
2015-04-16,197.5,198.0,189.0,196.1999969482422,191.8702850341797,19375.0
2015-04-17,192.5500030517578,196.0,186.25,187.39999389648438,183.26446533203125,26659.0
2015-04-20,188.0500030517578,194.0,186.0,187.14999389648438,183.01998901367188,33429.0
2015-04-21,189.8000030517578,192.0,185.5500030517578,187.5,183.36227416992188,21752.0
2015-04-22,189.64999389648438,190.0,183.0500030517578,187.9499969482422,183.80233764648438,37815.0
2015-04-23,195.9499969482422,195.9499969482422,187.25,188.64999389648438,184.4868927001953,14883.0
2015-04-24,191.75,192.0,180.25,181.60000610351562,177.59246826171875,17528.0
2015-04-27,183.0,183.0,173.0,174.60000610351562,170.7469482421875,31208.0
2015-04-28,177.35000610351562,177.5,171.5,174.0500030517578,170.2091064453125,108326.0
2015-04-29,175.0500030517578,187.0,175.0,185.0500030517578,180.9663543701172,57994.0
2015-04-30,189.0,189.0,184.0,185.25,181.16192626953125,7732.0
2015-05-04,188.4499969482422,194.9499969482422,188.4499969482422,193.39999389648438,189.13204956054688,14903.0
2015-05-05,190.0500030517578,206.0,190.0500030517578,203.8000030517578,199.3025665283203,63611.0
2015-05-06,205.4499969482422,211.89999389648438,192.0,193.5500030517578,189.2787628173828,50312.0
2015-05-07,203.0,209.0,198.3000030517578,204.5500030517578,200.03602600097656,228334.0
2015-05-08,207.1999969482422,210.0,200.5500030517578,203.25,198.76470947265625,53114.0
2015-05-11,206.35000610351562,226.25,201.0,219.6999969482422,214.85166931152344,98648.0
2015-05-12,219.89999389648438,235.0,212.0,213.60000610351562,208.8863067626953,238620.0
2015-05-13,215.0,225.0,215.0,219.1999969482422,214.3627166748047,76634.0
2015-05-14,219.0,221.75,214.0,215.9499969482422,211.18443298339844,18997.0
2015-05-15,217.0500030517578,221.25,215.0500030517578,215.89999389648438,211.1355438232422,168684.0
2015-05-18,215.9499969482422,219.60000610351562,211.0,214.0500030517578,209.3263702392578,14118.0
2015-05-19,214.10000610351562,216.0,210.3000030517578,211.6999969482422,207.02822875976562,138588.0
2015-05-20,213.0500030517578,236.0,210.3000030517578,227.75,222.7240447998047,167460.0
2015-05-21,223.5500030517578,236.64999389648438,218.5500030517578,231.5,226.39129638671875,99298.0
2015-05-22,233.6999969482422,234.9499969482422,228.0,231.8000030517578,226.68467712402344,22297.0
2015-05-25,231.0,236.0,227.39999389648438,229.35000610351562,224.28872680664062,34789.0
2015-05-26,228.9499969482422,230.8000030517578,220.0,229.5,224.4354248046875,20617.0
2015-05-27,233.4499969482422,235.0,225.0,233.25,228.1026611328125,46154.0
2015-05-28,239.3000030517578,248.0500030517578,235.0,244.14999389648438,238.7621307373047,131235.0
2015-05-29,250.0,250.0,239.0,245.64999389648438,240.22900390625,110707.0
2015-06-01,248.39999389648438,248.39999389648438,237.39999389648438,242.0,236.65957641601562,30379.0
2015-06-02,244.8000030517578,248.0,223.10000610351562,229.5,224.4354248046875,34900.0
2015-06-03,229.0,236.10000610351562,211.0,213.25,208.5440216064453,66949.0
2015-06-04,215.85000610351562,240.8000030517578,215.10000610351562,223.10000610351562,218.17666625976562,27059.0
2015-06-05,223.9499969482422,244.39999389648438,216.3000030517578,229.64999389648438,224.58209228515625,41963.0
2015-06-08,229.9499969482422,229.9499969482422,220.0,221.6999969482422,216.80755615234375,20331.0
2015-06-09,222.0500030517578,224.9499969482422,214.1999969482422,216.60000610351562,211.82009887695312,15240.0
2015-06-10,219.64999389648438,224.10000610351562,216.0,217.6999969482422,212.89581298828125,10819.0
2015-06-11,218.0500030517578,223.0,210.3000030517578,211.0,206.34368896484375,20186.0
2015-06-12,212.0,216.0,195.5500030517578,206.9499969482422,202.383056640625,15422.0
2015-06-15,201.60000610351562,218.0,201.60000610351562,215.89999389648438,211.1355438232422,11554.0
2015-06-16,209.3000030517578,221.0,209.3000030517578,219.6999969482422,214.85166931152344,12864.0
2015-06-17,221.10000610351562,229.0,216.5500030517578,225.14999389648438,220.181396484375,35500.0
2015-06-18,225.0500030517578,229.0,221.0,225.0500030517578,220.0836181640625,8403.0
2015-06-19,224.89999389648438,229.0,223.39999389648438,224.64999389648438,219.6924285888672,12210.0
2015-06-22,220.0500030517578,246.0,220.0500030517578,237.5,232.2588653564453,31601.0
2015-06-23,239.0,244.89999389648438,230.0,231.39999389648438,226.29348754882812,27059.0
2015-06-24,231.0500030517578,242.0,230.0,239.14999389648438,233.87246704101562,29261.0
2015-06-25,238.0500030517578,243.0,233.0500030517578,240.5,235.19268798828125,21469.0
2015-06-26,241.0,242.9499969482422,236.25,239.5500030517578,234.26364135742188,11155.0
2015-06-29,235.0,242.89999389648438,222.0,240.14999389648438,234.8503875732422,20490.0
2015-06-30,240.0,248.60000610351562,237.5,246.89999389648438,241.45144653320312,15944.0
2015-07-01,243.0,252.4499969482422,243.0,245.75,240.32681274414062,11199.0
2015-07-02,243.0500030517578,249.5500030517578,240.60000610351562,242.35000610351562,237.00186157226562,6578.0
2015-07-03,241.14999389648438,244.9499969482422,237.0,240.64999389648438,235.33935546875,12420.0
2015-07-06,236.0,245.0,234.10000610351562,242.0,236.65957641601562,47204.0
2015-07-07,240.3000030517578,244.5,240.0,240.25,234.9481964111328,18348.0
2015-07-08,240.0,247.8000030517578,236.0,245.25,239.8378448486328,18576.0
2015-07-09,249.85000610351562,250.0,241.39999389648438,244.25,238.8599395751953,9789.0
2015-07-10,242.5500030517578,246.89999389648438,236.35000610351562,240.85000610351562,235.5349578857422,7243.0
2015-07-13,232.35000610351562,241.5,232.35000610351562,240.3000030517578,234.99708557128906,9203.0
2015-07-14,238.0500030517578,268.8999938964844,238.0500030517578,257.3999938964844,251.71971130371094,61702.0
2015-07-15,259.79998779296875,265.0,245.0,247.75,242.28268432617188,29352.0
2015-07-16,242.0500030517578,265.0,242.0500030517578,262.54998779296875,256.7560729980469,65768.0
2015-07-17,267.5,272.0,260.29998779296875,265.25,259.396484375,40363.0
2015-07-20,265.0,277.0,260.0,275.0,268.93133544921875,49330.0
2015-07-21,278.20001220703125,321.8500061035156,276.20001220703125,295.95001220703125,289.41900634765625,397883.0
2015-07-22,297.70001220703125,305.0,283.0,293.1000061035156,286.63189697265625,110395.0
2015-07-23,294.8500061035156,318.54998779296875,291.1000061035156,298.20001220703125,291.619384765625,206240.0
2015-07-24,304.0,314.0,295.0,297.3500061035156,290.7881164550781,93977.0
2015-07-27,301.6499938964844,309.5,292.0,294.04998779296875,287.5609436035156,52833.0
2015-07-28,292.29998779296875,300.0,282.1000061035156,289.45001220703125,283.0625,21602.0
2015-07-29,290.1000061035156,293.70001220703125,283.6000061035156,286.45001220703125,280.1286926269531,24785.0
2015-07-30,289.8999938964844,295.20001220703125,288.0,288.6000061035156,282.23126220703125,20550.0
2015-07-31,297.79998779296875,299.1000061035156,278.29998779296875,285.0,278.7106628417969,88751.0
2015-08-03,285.29998779296875,287.6499938964844,275.0,276.45001220703125,270.349365234375,32016.0
2015-08-04,277.0,308.6499938964844,270.0,304.25,297.5358581542969,132950.0
2015-08-05,305.8500061035156,314.0,301.0,301.95001220703125,295.2865905761719,44816.0
2015-08-06,301.1000061035156,304.54998779296875,286.0,290.1499938964844,283.74700927734375,25920.0
2015-08-07,286.29998779296875,297.0,286.29998779296875,288.54998779296875,282.18231201171875,13216.0
2015-08-10,286.8999938964844,297.20001220703125,284.0,286.3999938964844,280.07977294921875,14114.0
2015-08-11,283.20001220703125,290.95001220703125,275.1000061035156,282.1000061035156,275.8746337890625,17560.0
2015-08-12,276.54998779296875,285.0,275.0,275.3500061035156,269.27362060546875,23507.0
2015-08-13,278.45001220703125,285.0,260.1000061035156,265.8500061035156,259.9832458496094,14550.0
2015-08-14,265.25,275.0,257.20001220703125,264.75,258.90753173828125,20457.0
2015-08-17,268.0,271.95001220703125,256.6000061035156,258.04998779296875,252.3553466796875,24595.0
2015-08-18,260.0,273.8999938964844,257.25,270.29998779296875,264.3350524902344,16326.0
2015-08-19,270.8500061035156,285.0,270.0,281.3500061035156,275.1412048339844,13999.0
2015-08-20,282.20001220703125,288.95001220703125,271.20001220703125,275.8999938964844,269.8114318847656,33480.0
2015-08-21,268.0,280.0,263.1000061035156,269.95001220703125,263.9927673339844,14060.0
2015-08-24,270.0,270.0,239.0500030517578,241.85000610351562,236.51287841796875,42520.0
2015-08-25,255.5500030517578,255.64999389648438,240.5500030517578,244.25,238.8599395751953,50214.0
2015-08-26,254.9499969482422,256.8999938964844,244.0,249.9499969482422,244.43414306640625,13193.0
2015-08-27,252.64999389648438,280.5,252.64999389648438,277.54998779296875,271.425048828125,33845.0
2015-08-28,279.6499938964844,289.45001220703125,270.1000061035156,271.5,265.5085754394531,13170.0
2015-08-31,281.3999938964844,284.8999938964844,275.0,277.75,271.62066650390625,34236.0
2015-09-01,278.0,278.5,258.0,262.25,256.4626770019531,28126.0
2015-09-02,262.70001220703125,269.6000061035156,242.35000610351562,258.3500061035156,252.64877319335938,23187.0
2015-09-03,261.04998779296875,269.0,256.20001220703125,257.95001220703125,252.25759887695312,12284.0
2015-09-04,259.0,284.0,245.3000030517578,274.25,268.1979064941406,129822.0
2015-09-07,279.70001220703125,290.70001220703125,266.5,272.3500061035156,266.3398132324219,57499.0
2015-09-08,282.95001220703125,285.0,262.1000061035156,265.1499938964844,259.2986755371094,45817.0
2015-09-09,270.0,275.04998779296875,255.10000610351562,256.6000061035156,250.93739318847656,108007.0
2015-09-10,260.0,265.0,250.0,254.89999389648438,249.27488708496094,50371.0
2015-09-11,259.0,263.8500061035156,249.0500030517578,251.5500030517578,247.1623992919922,82081.0
2015-09-14,257.5,270.0,252.10000610351562,266.95001220703125,262.2938232421875,87705.0
2015-09-15,270.04998779296875,272.8999938964844,263.95001220703125,270.5,265.7818603515625,17039.0
2015-09-16,273.95001220703125,274.20001220703125,265.54998779296875,270.0,265.29058837890625,17380.0
2015-09-18,271.04998779296875,276.0,270.1000061035156,272.04998779296875,267.3048095703125,9344.0
2015-09-21,271.54998779296875,276.04998779296875,267.3500061035156,271.29998779296875,266.5679016113281,9883.0
2015-09-22,274.3999938964844,274.95001220703125,264.1000061035156,268.5,263.8167419433594,13446.0
2015-09-23,263.0,271.8999938964844,263.0,268.3500061035156,263.6694030761719,9997.0
2015-09-24,272.6499938964844,272.6499938964844,263.5,266.75,262.0972900390625,13572.0
2015-09-28,274.5,282.8999938964844,263.5,275.6000061035156,270.79290771484375,35497.0
2015-09-29,270.3500061035156,280.0,270.3500061035156,273.6499938964844,268.876953125,8930.0
2015-09-30,274.3500061035156,304.0,274.3500061035156,294.8999938964844,289.75628662109375,48699.0
2015-10-01,297.29998779296875,297.29998779296875,276.0,277.6499938964844,272.80712890625,37467.0
2015-10-05,281.0,284.0,275.04998779296875,276.75,271.9228515625,21366.0
2015-10-06,278.3500061035156,280.0,274.0,274.95001220703125,270.1542663574219,18611.0
2015-10-07,276.04998779296875,278.0,269.0,270.95001220703125,266.22406005859375,24827.0
2015-10-08,274.75,274.75,268.3999938964844,269.04998779296875,264.357177734375,17296.0
2015-10-09,273.70001220703125,274.0,265.45001220703125,267.8500061035156,263.1780700683594,19511.0
2015-10-12,270.1000061035156,274.8999938964844,265.79998779296875,267.1499938964844,262.4902648925781,21030.0
2015-10-13,267.1499938964844,270.95001220703125,261.04998779296875,262.75,258.1670227050781,28361.0
2015-10-14,263.04998779296875,266.6499938964844,258.5,262.1499938964844,257.5775146484375,29456.0
2015-10-15,259.1000061035156,267.0,259.04998779296875,264.1000061035156,259.4934997558594,25879.0
2015-10-16,264.6499938964844,277.95001220703125,262.04998779296875,269.70001220703125,264.9958190917969,60152.0
2015-10-19,272.04998779296875,273.95001220703125,267.29998779296875,269.29998779296875,264.6028137207031,12860.0
2015-10-20,273.25,273.29998779296875,265.0,266.29998779296875,261.65509033203125,31556.0
2015-10-21,271.95001220703125,272.0,265.0,268.1499938964844,263.4728698730469,11750.0
2015-10-23,266.1499938964844,274.0,266.0,268.6499938964844,263.9641418457031,24451.0
2015-10-26,268.04998779296875,272.0,264.95001220703125,269.79998779296875,265.09405517578125,31526.0
2015-10-27,272.0,272.20001220703125,266.0,267.0,262.34295654296875,12681.0
2015-10-28,266.0,269.70001220703125,265.0,267.70001220703125,263.0307312011719,17675.0
2015-10-29,268.04998779296875,271.0,265.0,265.3999938964844,260.77081298828125,11988.0
2015-10-30,267.8500061035156,282.95001220703125,265.3500061035156,273.25,268.4839172363281,57643.0
2015-11-02,274.04998779296875,284.70001220703125,268.0,278.6499938964844,273.7897033691406,60367.0
2015-11-03,276.1000061035156,285.0,261.0,273.79998779296875,269.0243225097656,88306.0
2015-11-04,276.20001220703125,283.45001220703125,266.29998779296875,270.6499938964844,265.9292297363281,69473.0
2015-11-05,268.1000061035156,271.8500061035156,265.0,265.29998779296875,260.6725769042969,18028.0
2015-11-06,269.0,269.0,264.3999938964844,266.3500061035156,261.70428466796875,20674.0
2015-11-09,269.95001220703125,274.8999938964844,265.0,269.70001220703125,264.9958190917969,35657.0
2015-11-10,271.8999938964844,274.0,263.95001220703125,264.8999938964844,260.279541015625,19146.0
2015-11-13,267.1499938964844,271.79998779296875,266.1000061035156,266.6000061035156,261.9499206542969,12591.0
2015-11-16,268.0,271.0,264.0,265.54998779296875,260.9181823730469,14197.0
2015-11-17,265.04998779296875,269.0,265.04998779296875,266.1499938964844,261.50775146484375,16553.0
2015-11-18,266.0,267.0,261.0,261.1499938964844,256.594970703125,72064.0
2015-11-19,264.0,264.0,258.79998779296875,259.3500061035156,254.82635498046875,64053.0
2015-11-20,260.0,268.04998779296875,257.0,258.5,253.99119567871094,53391.0
2015-11-23,260.1000061035156,260.54998779296875,253.0,254.0500030517578,249.61880493164062,36912.0
2015-11-24,253.0500030517578,270.95001220703125,253.0,264.8500061035156,260.23040771484375,58745.0
2015-11-26,267.0,273.8999938964844,265.3500061035156,272.1499938964844,267.4030456542969,41712.0
2015-11-27,271.04998779296875,275.6000061035156,263.20001220703125,268.70001220703125,264.0132751464844,45457.0
2015-11-30,273.95001220703125,284.8500061035156,268.70001220703125,279.5,274.6249084472656,388699.0
2015-12-01,284.0,290.8999938964844,281.0,283.3500061035156,278.4077453613281,71773.0
2015-12-02,283.70001220703125,284.8999938964844,276.6000061035156,280.20001220703125,275.31268310546875,15982.0
2015-12-03,278.1499938964844,282.8999938964844,271.3500061035156,277.04998779296875,272.2176208496094,21828.0
2015-12-04,274.79998779296875,279.0,271.5,273.29998779296875,268.5329895019531,17524.0
2015-12-07,279.0,295.0,269.45001220703125,271.3999938964844,266.6661682128906,27220.0
2015-12-08,271.04998779296875,276.5,266.54998779296875,269.6000061035156,264.8975524902344,18772.0
2015-12-09,271.20001220703125,272.0,262.5,268.79998779296875,264.11151123046875,34321.0
2015-12-10,266.0,269.95001220703125,265.95001220703125,268.8999938964844,264.20977783203125,10643.0
2015-12-11,273.79998779296875,276.0,268.0,269.6000061035156,264.8975524902344,33361.0
2015-12-14,271.1499938964844,275.0,265.29998779296875,267.45001220703125,262.7850646972656,14070.0
2015-12-15,267.1499938964844,269.95001220703125,265.29998779296875,267.75,263.079833984375,8554.0
2015-12-16,270.0,270.0,267.0,267.5,262.8341979980469,7465.0
2015-12-17,270.45001220703125,275.0,266.6000061035156,271.04998779296875,266.322265625,14873.0
2015-12-18,273.95001220703125,273.95001220703125,266.5,270.3999938964844,265.6836242675781,13026.0
2015-12-21,276.70001220703125,276.70001220703125,267.0,269.54998779296875,264.848388671875,59348.0
2015-12-22,267.29998779296875,272.8999938964844,267.25,268.45001220703125,263.76763916015625,7041.0
2015-12-23,268.70001220703125,274.0,268.29998779296875,268.5,263.8167419433594,20432.0
2015-12-24,270.1000061035156,272.8999938964844,267.0,269.6499938964844,264.9466857910156,57806.0
2015-12-28,269.8500061035156,285.0,269.8500061035156,282.1499938964844,277.2286376953125,78024.0
2015-12-29,286.0,296.95001220703125,283.20001220703125,284.75,279.7833251953125,57831.0
2015-12-30,288.04998779296875,303.0,280.29998779296875,294.54998779296875,289.4123840332031,200135.0
2015-12-31,298.3500061035156,308.0,295.25,297.95001220703125,292.75311279296875,311987.0
2016-01-01,301.8999938964844,307.0,295.25,296.95001220703125,291.7705383300781,112080.0
2016-01-04,299.95001220703125,306.70001220703125,295.0,298.29998779296875,293.0969543457031,73877.0
2016-01-05,298.1000061035156,327.29998779296875,295.5,317.70001220703125,312.1585998535156,304478.0
2016-01-06,325.0,333.3500061035156,315.0,322.0,316.3835754394531,160084.0
2016-01-07,316.0,316.95001220703125,303.0,304.8500061035156,299.53271484375,67130.0
2016-01-08,309.6000061035156,361.0,309.54998779296875,348.5,342.42138671875,813485.0
2016-01-11,343.54998779296875,356.75,330.0,334.3500061035156,328.5181884765625,240675.0
2016-01-12,339.0,374.8999938964844,338.0,350.70001220703125,344.5830383300781,625337.0
2016-01-13,355.29998779296875,362.5,315.0,344.54998779296875,338.5402526855469,314169.0
2016-01-14,336.0,341.0,324.0,331.6000061035156,325.816162109375,183767.0
2016-01-15,334.79998779296875,340.0,322.0,326.54998779296875,320.8542175292969,124971.0
2016-01-18,313.0,329.70001220703125,295.54998779296875,311.54998779296875,306.1158447265625,97465.0
2016-01-19,313.70001220703125,333.0,310.0,317.70001220703125,312.1585998535156,42622.0
2016-01-20,312.5,314.0,290.1000061035156,301.45001220703125,296.19207763671875,64602.0
2016-01-21,306.29998779296875,314.8999938964844,290.25,301.0,295.7499084472656,35980.0
2016-01-22,307.0,323.0,302.3999938964844,309.54998779296875,304.1507263183594,85006.0
2016-01-25,328.0,346.20001220703125,318.20001220703125,328.1000061035156,322.377197265625,182717.0
2016-01-27,331.79998779296875,332.8999938964844,319.5,321.1000061035156,315.49932861328125,44230.0
2016-01-28,323.6000061035156,339.0,318.6499938964844,321.04998779296875,315.4501647949219,60097.0
2016-01-29,324.6499938964844,327.8500061035156,318.0,321.8500061035156,316.2362060546875,22781.0
2016-02-01,324.79998779296875,330.3999938964844,307.0,315.70001220703125,310.1935119628906,74233.0
2016-02-02,318.95001220703125,321.0,295.6000061035156,298.29998779296875,293.0969543457031,65359.0
2016-02-03,296.0,309.0,285.6000061035156,293.45001220703125,288.33160400390625,118081.0
2016-02-04,298.8999938964844,301.5,282.0,286.75,281.7484436035156,84765.0
2016-02-05,285.3999938964844,288.75,282.04998779296875,284.3999938964844,279.43939208984375,38502.0
2016-02-08,282.1000061035156,297.5,270.1000061035156,276.3999938964844,271.5789794921875,79962.0
2016-02-09,269.04998779296875,272.95001220703125,262.54998779296875,265.1000061035156,260.47607421875,93747.0
2016-02-10,262.04998779296875,273.8999938964844,252.0,267.20001220703125,262.5394287109375,62005.0
2016-02-11,268.0,268.54998779296875,245.10000610351562,248.85000610351562,244.50950622558594,64887.0
2016-02-12,254.8000030517578,254.8000030517578,241.14999389648438,245.4499969482422,241.16880798339844,94257.0
2016-02-15,249.85000610351562,269.8500061035156,249.0,267.6000061035156,262.9324645996094,51041.0
2016-02-16,270.0,271.70001220703125,248.0,253.39999389648438,248.98013305664062,35079.0
2016-02-17,253.0,260.3500061035156,242.5,251.6999969482422,247.30978393554688,37602.0
2016-02-18,257.6499938964844,262.3500061035156,254.0,258.8999938964844,254.3842010498047,18241.0
2016-02-19,252.60000610351562,271.79998779296875,252.5500030517578,267.6000061035156,262.9324645996094,30893.0
2016-02-22,265.04998779296875,269.79998779296875,256.8500061035156,258.70001220703125,254.18768310546875,17458.0
2016-02-23,262.6499938964844,263.79998779296875,250.0,253.4499969482422,249.02926635742188,32127.0
2016-02-24,250.25,251.5500030517578,239.5,241.25,237.04205322265625,40728.0
2016-02-25,238.5500030517578,250.0,238.5,243.3000030517578,239.0563201904297,94883.0
2016-02-26,244.0500030517578,248.60000610351562,223.9499969482422,238.10000610351562,233.947021484375,72329.0
2016-02-29,241.9499969482422,241.9499969482422,221.10000610351562,222.75,218.86473083496094,51095.0
2016-03-01,223.14999389648438,241.1999969482422,223.0,239.6999969482422,235.5190887451172,32697.0
2016-03-02,242.60000610351562,258.3999938964844,242.60000610351562,256.70001220703125,252.22259521484375,56439.0
2016-03-03,260.0,262.95001220703125,255.85000610351562,257.70001220703125,253.20513916015625,12809.0
2016-03-04,260.75,261.0,253.60000610351562,258.8500061035156,254.3350830078125,13581.0
2016-03-08,256.25,265.0,255.3000030517578,262.6000061035156,258.0196533203125,15643.0
2016-03-09,261.95001220703125,264.0,255.8000030517578,258.20001220703125,253.69642639160156,13122.0
2016-03-10,259.04998779296875,262.3999938964844,257.0,258.3500061035156,253.84381103515625,9558.0
2016-03-11,259.95001220703125,267.0,256.3500061035156,260.75,256.2019348144531,48508.0
2016-03-14,261.0,264.0,258.3500061035156,260.79998779296875,256.2510681152344,16798.0
2016-03-15,261.95001220703125,265.0,258.1499938964844,261.79998779296875,257.2336120605469,13367.0
2016-03-16,256.1499938964844,262.8500061035156,256.1499938964844,261.75,257.18450927734375,7946.0
2016-03-17,262.8500061035156,276.45001220703125,262.8500061035156,269.95001220703125,265.241455078125,53409.0
2016-03-18,276.0,278.8500061035156,268.5,275.29998779296875,270.4981384277344,19040.0
2016-03-21,278.79998779296875,297.29998779296875,275.1000061035156,289.0,283.9591979980469,92684.0
2016-03-22,292.95001220703125,297.8999938964844,285.5,292.45001220703125,287.3489990234375,71024.0
2016-03-23,292.75,300.0,290.0,295.3500061035156,290.1984558105469,20951.0
2016-03-28,296.79998779296875,311.0,285.0,296.20001220703125,291.03363037109375,48833.0
2016-03-29,299.25,303.0,294.0,299.0,293.7847595214844,20025.0
2016-03-30,300.0,301.8999938964844,295.0,295.95001220703125,290.7879638671875,16430.0
2016-03-31,298.0,300.29998779296875,295.0,295.6000061035156,290.444091796875,8091.0
2016-04-01,298.95001220703125,303.75,295.0,295.95001220703125,290.7879638671875,12166.0
2016-04-04,297.04998779296875,314.0,295.3999938964844,311.3500061035156,305.91937255859375,35391.0
2016-04-05,308.8500061035156,314.70001220703125,300.04998779296875,302.0,296.732421875,13604.0
2016-04-06,303.04998779296875,313.95001220703125,302.25,311.04998779296875,305.62457275390625,17286.0
2016-04-07,312.95001220703125,314.79998779296875,306.0,310.8500061035156,305.4280700683594,17615.0
2016-04-08,311.8999938964844,318.04998779296875,308.29998779296875,315.3999938964844,309.8987121582031,13374.0
2016-04-11,316.0,332.6000061035156,314.8999938964844,329.1499938964844,323.4089050292969,72036.0
2016-04-12,332.6499938964844,336.95001220703125,326.0,331.1000061035156,325.3248596191406,65017.0
2016-04-13,331.5,339.70001220703125,330.0,330.25,324.4897155761719,21016.0
2016-04-18,333.0,333.25,326.0,328.79998779296875,323.06494140625,17701.0
2016-04-20,325.0,334.0,319.20001220703125,320.1000061035156,314.5167236328125,27918.0
2016-04-21,329.0,337.3999938964844,316.5,320.29998779296875,314.7132263183594,100894.0
2016-04-22,326.45001220703125,328.0,316.6000061035156,319.95001220703125,314.369384765625,74614.0
2016-04-25,326.8999938964844,337.8999938964844,319.25,330.5,324.7353210449219,25541.0
2016-04-26,331.0,335.8500061035156,315.0,327.70001220703125,321.98419189453125,29290.0
2016-04-27,326.70001220703125,338.95001220703125,321.0,325.3999938964844,319.72430419921875,44014.0
2016-04-28,327.45001220703125,330.8999938964844,317.54998779296875,321.25,315.64666748046875,37327.0
2016-04-29,318.0,325.0,318.0,323.1000061035156,317.4644470214844,41111.0
2016-05-02,322.95001220703125,331.79998779296875,320.1000061035156,324.04998779296875,318.3978271484375,13225.0
2016-05-03,327.1000061035156,329.29998779296875,323.25,324.8999938964844,319.2330017089844,8045.0
2016-05-04,320.0,326.5,316.20001220703125,320.0,314.4184875488281,16261.0
2016-05-05,318.1000061035156,336.0,318.0,333.95001220703125,328.1251525878906,26976.0
2016-05-06,337.95001220703125,352.8999938964844,325.0,329.45001220703125,323.7036437988281,73029.0
2016-05-09,339.5,342.0,332.54998779296875,334.25,328.419921875,91466.0
2016-05-10,337.95001220703125,342.0,321.5,327.70001220703125,321.98419189453125,26091.0
2016-05-11,323.5,329.70001220703125,322.0,327.0,321.29638671875,23989.0
2016-05-12,326.0,334.6000061035156,323.04998779296875,326.25,320.5594482421875,29114.0
2016-05-13,325.75,327.29998779296875,323.1000061035156,325.1000061035156,319.4295349121094,5011.0
2016-05-16,326.1000061035156,329.54998779296875,324.95001220703125,326.04998779296875,320.36297607421875,6140.0
2016-05-17,328.0,328.6000061035156,322.1000061035156,324.6000061035156,318.9382629394531,5573.0
2016-05-18,322.54998779296875,327.0,320.0,325.29998779296875,319.62603759765625,14951.0
2016-05-19,328.45001220703125,328.45001220703125,320.70001220703125,325.25,319.576904296875,25877.0
2016-05-20,325.0,330.0,321.3999938964844,325.20001220703125,319.5278015136719,13139.0
2016-05-23,327.75,345.29998779296875,325.0,327.54998779296875,321.8367614746094,110078.0
2016-05-24,329.54998779296875,331.3500061035156,325.0,325.3500061035156,319.6751708984375,11069.0
2016-05-25,326.8999938964844,330.79998779296875,322.04998779296875,323.5,317.857421875,10400.0
2016-05-26,325.45001220703125,325.45001220703125,310.0,312.95001220703125,307.491455078125,18979.0
2016-05-27,315.6499938964844,321.0,311.95001220703125,316.3999938964844,310.8812561035156,103054.0
2016-05-30,318.95001220703125,323.0,311.20001220703125,312.79998779296875,307.34405517578125,25017.0
2016-05-31,311.20001220703125,322.0,308.0,314.3999938964844,308.9161376953125,37025.0
2016-06-01,315.5,320.0,315.5,317.54998779296875,312.01123046875,6881.0
2016-06-02,316.29998779296875,318.8999938964844,314.79998779296875,316.75,311.22515869140625,3145.0
2016-06-03,324.0,324.0,315.20001220703125,317.6499938964844,312.1094665527344,7614.0
2016-06-06,319.95001220703125,319.95001220703125,315.20001220703125,317.29998779296875,311.7655334472656,6396.0
2016-06-07,317.3500061035156,335.0,317.20001220703125,325.6000061035156,319.92083740234375,27075.0
2016-06-08,326.45001220703125,328.0,322.0,325.54998779296875,319.8716735839844,14076.0
2016-06-09,325.54998779296875,325.54998779296875,321.0,322.0,316.3835754394531,3535.0
2016-06-10,323.95001220703125,324.54998779296875,316.3999938964844,318.0,312.4533996582031,8288.0
2016-06-13,318.0,323.1000061035156,315.04998779296875,318.6499938964844,313.092041015625,3476.0
2016-06-14,319.6000061035156,321.0,315.0,317.25,311.7164611816406,6602.0
2016-06-15,318.75,328.0,317.6000061035156,324.3999938964844,318.7417297363281,8018.0
2016-06-16,320.54998779296875,326.04998779296875,306.8500061035156,308.54998779296875,303.1681823730469,38448.0
2016-06-17,314.95001220703125,318.79998779296875,308.1499938964844,313.20001220703125,307.73712158203125,18138.0
2016-06-20,312.1000061035156,320.8500061035156,312.04998779296875,318.04998779296875,312.5024719238281,8422.0
2016-06-21,317.0,331.95001220703125,317.0,321.20001220703125,315.5975646972656,23681.0
2016-06-22,322.95001220703125,322.95001220703125,311.0,313.79998779296875,308.3266296386719,8959.0
2016-06-23,315.0,316.95001220703125,309.0,312.5,307.0492858886719,14716.0
2016-06-24,308.95001220703125,311.0,290.6499938964844,308.5,303.11907958984375,40601.0
2016-06-27,307.1499938964844,311.0,303.1000061035156,305.6499938964844,300.31878662109375,14790.0
2016-06-28,301.25,310.95001220703125,301.25,304.25,298.94317626953125,13453.0
2016-06-29,309.0,310.0,302.0,305.20001220703125,299.8766174316406,20736.0
2016-06-30,306.5,324.0,304.3500061035156,318.8500061035156,313.2885437011719,26015.0
2016-07-01,320.0,322.95001220703125,312.1000061035156,313.75,308.2774963378906,10402.0
2016-07-04,320.0,321.8500061035156,315.0,317.8999938964844,312.3551025390625,7572.0
2016-07-05,316.54998779296875,320.0,312.20001220703125,313.8999938964844,308.42486572265625,18141.0
2016-07-07,314.3500061035156,320.0,312.1499938964844,315.1000061035156,309.60394287109375,7665.0
2016-07-08,318.0,327.0,314.1499938964844,315.04998779296875,309.5548095703125,19308.0
2016-07-11,316.8999938964844,321.95001220703125,316.8500061035156,319.1499938964844,313.58331298828125,30638.0
2016-07-12,319.70001220703125,367.0,318.0,360.20001220703125,353.9173278808594,495177.0
2016-07-13,359.29998779296875,359.29998779296875,341.1499938964844,345.0,338.9824523925781,68674.0
2016-07-14,348.95001220703125,349.8999938964844,340.0,349.1000061035156,343.0108947753906,89364.0
2016-07-15,349.95001220703125,360.0,347.20001220703125,348.95001220703125,342.8635559082031,72849.0
2016-07-18,346.8999938964844,351.95001220703125,326.8999938964844,333.25,327.4374084472656,28264.0
2016-07-19,334.0,338.95001220703125,328.25,329.95001220703125,324.1949157714844,13194.0
2016-07-20,332.0,352.25,330.0,335.54998779296875,329.697265625,35442.0
2016-07-21,336.8999938964844,343.5,332.20001220703125,336.20001220703125,330.3359069824219,15045.0
2016-07-22,337.45001220703125,340.0,329.5,332.8999938964844,327.0934753417969,13146.0
2016-07-25,334.8500061035156,335.0,329.0,331.29998779296875,325.5213623046875,14584.0
2016-07-26,331.95001220703125,335.0,324.0,324.95001220703125,319.28216552734375,11579.0
2016-07-27,328.20001220703125,335.0,322.0,323.8500061035156,318.2013244628906,23207.0
2016-07-28,321.54998779296875,333.8999938964844,321.54998779296875,329.95001220703125,324.1949157714844,10398.0
2016-07-29,331.04998779296875,336.8500061035156,330.0,331.70001220703125,325.9144287109375,13746.0
2016-08-01,334.0,337.25,322.1000061035156,324.95001220703125,319.28216552734375,10705.0
2016-08-02,327.04998779296875,343.8999938964844,325.1000061035156,337.1499938964844,331.26934814453125,45523.0
2016-08-03,340.8999938964844,344.79998779296875,337.0,340.04998779296875,334.1187744140625,31740.0
2016-08-04,343.0,344.95001220703125,323.04998779296875,332.70001220703125,326.89697265625,41427.0
2016-08-05,335.1000061035156,335.95001220703125,315.29998779296875,321.45001220703125,315.8431701660156,63786.0
2016-08-08,331.95001220703125,331.95001220703125,323.04998779296875,326.8999938964844,321.1980895996094,15021.0
2016-08-09,325.8500061035156,329.8999938964844,316.75,320.5,314.9097595214844,14977.0
2016-08-10,320.75,327.0,319.75,324.3500061035156,318.692626953125,8572.0
2016-08-11,324.29998779296875,333.0,322.0,323.5,317.857421875,8012.0
2016-08-12,326.04998779296875,327.70001220703125,321.5,323.0,317.3661804199219,11390.0
2016-08-16,323.04998779296875,323.04998779296875,315.25,319.3999938964844,313.82891845703125,9119.0
2016-08-17,326.0,327.95001220703125,319.3999938964844,320.3500061035156,314.7623596191406,41733.0
2016-08-18,329.8500061035156,334.8999938964844,319.3999938964844,321.0,315.40106201171875,42403.0
2016-08-19,321.75,327.95001220703125,320.54998779296875,325.1499938964844,319.4786376953125,16557.0
2016-08-22,325.95001220703125,332.95001220703125,322.25,330.3999938964844,324.6370849609375,19532.0
2016-08-23,331.8999938964844,335.0,328.0,331.0,325.22662353515625,19244.0
2016-08-24,331.95001220703125,335.95001220703125,330.1000061035156,333.0,327.19171142578125,8797.0
2016-08-25,333.1499938964844,334.29998779296875,325.54998779296875,331.8999938964844,326.11090087890625,8772.0
2016-08-26,333.3999938964844,334.8999938964844,330.0,332.04998779296875,326.2582702636719,13761.0
2016-08-29,333.70001220703125,335.29998779296875,331.5,332.45001220703125,326.6513366699219,7826.0
2016-08-30,329.79998779296875,337.3500061035156,329.79998779296875,334.0,328.1742858886719,15506.0
2016-08-31,334.45001220703125,339.45001220703125,330.29998779296875,332.6499938964844,326.84783935546875,22285.0
2016-09-01,332.04998779296875,336.0,330.29998779296875,334.45001220703125,328.6164245605469,11418.0
2016-09-02,335.3999938964844,339.0,333.0,335.29998779296875,329.45159912109375,10102.0
2016-09-06,330.5,339.0,330.5,335.04998779296875,329.2059631347656,10914.0
2016-09-07,332.54998779296875,338.04998779296875,332.5,335.3500061035156,329.5007629394531,9788.0
2016-09-08,334.0,340.0,332.3500061035156,336.25,330.385009765625,135574.0
2016-09-09,336.95001220703125,340.0,334.3500061035156,339.29998779296875,333.3818359375,39071.0
2016-09-12,340.0,340.0,329.8999938964844,334.1499938964844,328.3216552734375,6514.0
2016-09-14,333.3500061035156,345.0,333.29998779296875,338.3999938964844,332.49755859375,44997.0
2016-09-15,341.45001220703125,342.95001220703125,336.3999938964844,337.75,331.85888671875,10474.0
2016-09-16,338.0,345.0,338.0,338.70001220703125,334.177490234375,23739.0
2016-09-19,338.6499938964844,340.0,320.1000061035156,322.6499938964844,318.3418273925781,40985.0
2016-09-20,325.0,325.79998779296875,306.0,308.20001220703125,304.08477783203125,50012.0
2016-09-21,312.45001220703125,318.8999938964844,306.5,317.1499938964844,312.9152526855469,27722.0
2016-09-22,322.0,322.0,316.20001220703125,319.45001220703125,315.1845397949219,15841.0
2016-09-23,316.25,326.8999938964844,315.5,324.04998779296875,319.7231140136719,163552.0
2016-09-26,318.1000061035156,320.95001220703125,315.1000061035156,317.1000061035156,312.8659362792969,25065.0
2016-09-27,318.0,321.5,313.79998779296875,314.6499938964844,310.4486083984375,8799.0
2016-09-28,313.8500061035156,319.8999938964844,312.5,315.8500061035156,311.63262939453125,8628.0
2016-09-29,317.95001220703125,318.8999938964844,265.70001220703125,295.3500061035156,291.4063415527344,36628.0
2016-09-30,291.20001220703125,313.0,291.20001220703125,310.3500061035156,306.2060546875,12533.0
2016-10-03,313.29998779296875,328.95001220703125,313.29998779296875,318.54998779296875,314.29656982421875,15916.0
2016-10-04,317.04998779296875,320.75,315.25,315.8999938964844,311.68194580078125,11328.0
2016-10-05,318.0,320.0,316.0,317.6499938964844,313.4085693359375,15090.0
2016-10-06,323.0,326.0,316.45001220703125,317.8500061035156,313.6059265136719,13281.0
2016-10-07,319.1499938964844,321.0,316.3500061035156,318.29998779296875,314.0498962402344,5016.0
2016-10-10,317.8999938964844,322.95001220703125,317.0,318.6499938964844,314.3952331542969,7395.0
2016-10-13,321.79998779296875,321.79998779296875,302.6000061035156,309.3500061035156,305.2193908691406,8968.0
2016-10-14,313.20001220703125,313.95001220703125,310.0,312.0,307.8340148925781,6466.0
2016-10-17,316.3999938964844,316.3999938964844,310.20001220703125,312.0,307.8340148925781,8523.0
2016-10-18,315.54998779296875,316.6000061035156,309.3999938964844,313.20001220703125,309.0180358886719,19417.0
2016-10-19,315.0,315.0,309.25,311.54998779296875,307.3899841308594,15191.0
2016-10-20,313.04998779296875,323.8999938964844,311.95001220703125,314.95001220703125,310.7446594238281,26597.0
2016-10-21,319.8500061035156,319.8500061035156,314.04998779296875,316.5,312.2738952636719,5592.0
2016-10-24,315.5,322.0,311.3500061035156,320.25,315.973876953125,19120.0
2016-10-25,321.0,321.0,315.25,316.6499938964844,312.42193603515625,25559.0
2016-10-26,330.0,334.95001220703125,315.1499938964844,320.6000061035156,316.3192138671875,84913.0
2016-10-27,318.54998779296875,326.70001220703125,316.5,322.6000061035156,318.29248046875,17457.0
2016-10-28,321.20001220703125,354.3999938964844,321.1000061035156,339.75,335.2134704589844,121307.0
2016-11-01,343.95001220703125,350.0,333.8999938964844,340.29998779296875,335.7561340332031,34990.0
2016-11-02,339.5,343.04998779296875,329.5,335.8500061035156,331.3655700683594,19262.0
2016-11-03,339.95001220703125,353.8999938964844,339.95001220703125,346.6499938964844,342.0213317871094,42482.0
2016-11-04,349.5,350.0,330.0,332.8999938964844,328.4549560546875,44377.0
2016-11-07,334.0,342.70001220703125,334.0,336.25,331.7602233886719,11649.0
2016-11-08,337.0,347.0,335.1000061035156,340.25,335.7068176269531,10640.0
2016-11-09,325.0,336.0,276.5,330.20001220703125,325.791015625,35887.0
2016-11-10,333.0,340.6499938964844,330.1499938964844,335.3999938964844,330.9216003417969,9717.0
2016-11-11,333.0,333.0,320.0,321.25,316.96051025390625,11841.0
2016-11-15,325.95001220703125,325.95001220703125,298.0,314.3500061035156,310.15264892578125,34609.0
2016-11-16,319.8500061035156,322.95001220703125,315.3500061035156,320.25,315.973876953125,27981.0
2016-11-17,319.04998779296875,331.95001220703125,312.54998779296875,323.04998779296875,318.7364501953125,42674.0
2016-11-18,322.95001220703125,328.45001220703125,317.0,324.8500061035156,320.512451171875,29203.0
2016-11-21,320.0,326.70001220703125,298.0,314.1000061035156,309.90594482421875,32176.0
2016-11-22,318.5,329.79998779296875,310.0,326.70001220703125,322.3377380371094,13021.0
2016-11-23,334.0,339.0,327.0,334.25,329.78692626953125,17075.0
2016-11-24,329.0,342.0,327.8999938964844,336.1000061035156,331.6122131347656,12904.0
2016-11-25,340.6499938964844,344.0,331.95001220703125,340.29998779296875,335.7561340332031,12009.0
2016-11-28,342.0,386.20001220703125,342.0,370.1499938964844,365.2075500488281,149542.0
2016-11-29,374.5,382.95001220703125,367.0,369.54998779296875,364.6155700683594,39091.0
2016-11-30,380.95001220703125,414.8999938964844,380.95001220703125,397.45001220703125,392.14306640625,299368.0
2016-12-01,397.75,422.0,388.1499938964844,416.1499938964844,410.5933532714844,202263.0
2016-12-02,415.0,418.3999938964844,393.04998779296875,398.6000061035156,393.2777099609375,49983.0
2016-12-05,404.25,413.20001220703125,395.0,399.3999938964844,394.0670166015625,21541.0
2016-12-06,399.04998779296875,410.0,396.0,397.8500061035156,392.5376892089844,33785.0
2016-12-07,400.0,404.70001220703125,381.1499938964844,384.3500061035156,379.2179870605469,23447.0
2016-12-08,386.0,399.5,380.20001220703125,388.6499938964844,383.4605407714844,26378.0
2016-12-09,398.70001220703125,398.70001220703125,382.04998779296875,384.8500061035156,379.7113037109375,14201.0
2016-12-12,382.45001220703125,386.0,371.04998779296875,373.0,368.0195007324219,10772.0
2016-12-13,378.04998779296875,408.0,361.5,391.3999938964844,386.173828125,105089.0
2016-12-14,391.0,392.5,380.0,382.3500061035156,377.24468994140625,21303.0
2016-12-15,384.0,397.95001220703125,380.25,392.0,386.76580810546875,24769.0
2016-12-16,387.5,397.79998779296875,385.0,389.1000061035156,383.904541015625,9696.0
2016-12-19,390.0,408.0,381.1000061035156,394.04998779296875,388.7884216308594,111492.0
2016-12-20,395.95001220703125,406.0,380.0,381.8500061035156,376.7513427734375,48491.0
2016-12-21,381.8500061035156,390.0,378.1000061035156,381.0,375.9126892089844,13171.0
2016-12-22,379.0,388.79998779296875,370.04998779296875,374.29998779296875,369.3021545410156,14264.0
2016-12-23,374.0,378.8999938964844,366.5,374.6499938964844,369.6474914550781,9850.0
2016-12-26,376.0,378.8999938964844,367.0,367.25,362.3462829589844,16733.0
2016-12-27,371.8500061035156,379.79998779296875,367.0,377.8999938964844,372.85406494140625,8734.0
2016-12-28,379.70001220703125,397.75,375.0,392.0,386.76580810546875,14865.0
2016-12-29,383.3500061035156,403.0,381.54998779296875,384.8999938964844,379.7606506347656,31823.0
2016-12-30,397.0,397.0,383.0,391.8999938964844,386.6671447753906,11953.0
2017-01-02,390.0,394.8999938964844,384.20001220703125,389.20001220703125,384.0032043457031,7656.0
2017-01-03,385.79998779296875,397.8500061035156,383.95001220703125,385.20001220703125,380.056640625,12493.0
2017-01-04,385.0,412.04998779296875,384.04998779296875,404.8999938964844,399.4935607910156,125263.0
2017-01-05,405.0,415.0,396.6000061035156,412.70001220703125,407.1894226074219,66285.0
2017-01-06,407.0,437.6499938964844,407.0,430.3500061035156,424.603759765625,170651.0
2017-01-09,433.0,434.79998779296875,417.1499938964844,419.5,413.89862060546875,31708.0
2017-01-10,422.0,432.8500061035156,409.95001220703125,412.8500061035156,407.3374328613281,35781.0
2017-01-11,416.8500061035156,416.8999938964844,401.5,403.45001220703125,398.0629577636719,20842.0
2017-01-12,403.0,410.79998779296875,400.0,401.29998779296875,395.9416198730469,16318.0
2017-01-13,405.0,417.6499938964844,401.0,409.25,403.7854919433594,20863.0
2017-01-16,408.54998779296875,420.29998779296875,408.54998779296875,416.54998779296875,410.9880065917969,12765.0
2017-01-17,420.0,420.0,410.1000061035156,412.79998779296875,407.2880554199219,9876.0
2017-01-18,414.8999938964844,416.70001220703125,409.0,412.79998779296875,407.2880554199219,8035.0
2017-01-19,410.0,418.3999938964844,409.0,411.3999938964844,405.9067687988281,10355.0
2017-01-20,412.45001220703125,416.54998779296875,401.6499938964844,404.70001220703125,399.2962646484375,7077.0
2017-01-23,404.6499938964844,439.8999938964844,401.20001220703125,429.1499938964844,423.4197692871094,56550.0
2017-01-24,434.6000061035156,434.6000061035156,420.25,423.3500061035156,417.6972351074219,9018.0
2017-01-25,424.95001220703125,427.0,416.20001220703125,419.25,413.6519775390625,9156.0
2017-01-27,424.79998779296875,439.0,415.5,419.1000061035156,413.5039978027344,8182.0
2017-01-30,419.95001220703125,433.0,415.0,418.29998779296875,412.7146301269531,11623.0
2017-01-31,418.29998779296875,424.0,413.1000061035156,416.70001220703125,411.1360168457031,8399.0
2017-02-01,414.04998779296875,425.0,414.04998779296875,422.1000061035156,416.46392822265625,5787.0
2017-02-02,420.04998779296875,429.79998779296875,419.0,424.3999938964844,418.73321533203125,11555.0
2017-02-03,425.5,435.0,424.1499938964844,427.3999938964844,421.693115234375,5789.0
2017-02-06,421.0,425.8999938964844,410.95001220703125,416.95001220703125,411.3826904296875,17754.0
2017-02-07,417.04998779296875,424.0,410.1000061035156,418.75,413.1586608886719,28670.0
2017-02-08,418.79998779296875,424.95001220703125,412.45001220703125,419.3999938964844,413.7999572753906,8973.0
2017-02-09,422.0,425.0,419.04998779296875,420.95001220703125,415.32928466796875,8133.0
2017-02-10,423.6499938964844,423.75,417.0,421.3999938964844,415.77325439453125,40941.0
2017-02-13,421.75,422.0,411.1000061035156,411.6499938964844,406.1534423828125,27476.0
2017-02-14,417.6499938964844,419.95001220703125,406.1499938964844,408.70001220703125,403.2428283691406,5515.0
2017-02-15,410.04998779296875,412.95001220703125,397.45001220703125,399.1499938964844,393.8203430175781,14266.0
2017-02-16,402.04998779296875,410.0,399.0,407.54998779296875,402.108154296875,3640.0
2017-02-17,405.20001220703125,412.6499938964844,403.04998779296875,408.0,402.5521545410156,4110.0
2017-02-20,404.0,415.0,404.0,409.45001220703125,403.98284912109375,124344.0
2017-02-21,412.29998779296875,413.54998779296875,406.0,410.70001220703125,405.21612548828125,7639.0
2017-02-22,413.8999938964844,413.8999938964844,401.6499938964844,402.79998779296875,397.42156982421875,7657.0
2017-02-23,416.20001220703125,433.5,404.1000061035156,406.54998779296875,401.1215515136719,153102.0
2017-02-27,409.6000061035156,409.6000061035156,402.0,403.3999938964844,398.0135803222656,8857.0
2017-02-28,402.95001220703125,413.8999938964844,402.0,411.95001220703125,406.449462890625,51831.0
2017-03-01,419.8500061035156,419.95001220703125,408.04998779296875,412.8500061035156,407.3374328613281,18794.0
2017-03-02,416.79998779296875,418.04998779296875,407.1000061035156,408.75,403.29217529296875,19902.0
2017-03-03,412.95001220703125,412.95001220703125,407.0,408.29998779296875,402.84814453125,8070.0
2017-03-06,407.04998779296875,417.29998779296875,407.0,411.5,406.0054626464844,8098.0
2017-03-07,413.3500061035156,415.0,408.1000061035156,411.70001220703125,406.20281982421875,26105.0
2017-03-08,414.0,415.0,408.5,412.95001220703125,407.4360656738281,8916.0
2017-03-09,414.95001220703125,430.0,409.1499938964844,417.20001220703125,411.6293640136719,19382.0
2017-03-10,415.04998779296875,420.0,409.54998779296875,413.5,407.9787292480469,10181.0
2017-03-14,421.95001220703125,429.5,390.54998779296875,393.20001220703125,387.9497985839844,64552.0
2017-03-15,406.0,406.0,390.1000061035156,397.6000061035156,392.2910461425781,20907.0
2017-03-16,395.1499938964844,407.0,395.1499938964844,399.8999938964844,394.5603332519531,35619.0
2017-03-17,400.6499938964844,405.5,386.04998779296875,389.04998779296875,383.8551940917969,45843.0
2017-03-20,390.0,392.95001220703125,380.1000061035156,382.0,376.8993225097656,44148.0
2017-03-21,384.0,388.45001220703125,378.3999938964844,379.3999938964844,374.3340759277344,18504.0
2017-03-22,378.0,382.5,375.0,379.54998779296875,374.4820556640625,24163.0
2017-03-23,389.95001220703125,389.95001220703125,374.0,374.95001220703125,369.9434814453125,21649.0
2017-03-24,380.0,386.0,374.0,380.0,374.9260559082031,62171.0
2017-03-27,380.0,381.45001220703125,373.0,377.70001220703125,372.6567687988281,149546.0
2017-03-28,377.5,380.0,374.1000061035156,375.6000061035156,370.5848083496094,18125.0
2017-03-29,378.0,378.0,373.0,374.0,369.00616455078125,213045.0
2017-03-30,377.3500061035156,377.3500061035156,371.0,372.8999938964844,367.92083740234375,60428.0
2017-03-31,375.45001220703125,387.70001220703125,373.79998779296875,377.6499938964844,372.6074523925781,147933.0
2017-04-03,380.6000061035156,400.0,380.6000061035156,394.75,389.4790954589844,37365.0
2017-04-05,394.25,407.0,390.45001220703125,403.3999938964844,398.0135803222656,33911.0
2017-04-06,406.8500061035156,412.95001220703125,396.25,397.6000061035156,392.2910461425781,33548.0
2017-04-07,399.0,409.0,393.1499938964844,397.5,392.1923828125,22118.0
2017-04-10,401.1000061035156,412.5,401.0,402.29998779296875,396.92828369140625,18921.0
2017-04-11,403.79998779296875,412.95001220703125,402.0,406.5,401.07220458984375,21941.0
2017-04-12,406.5,409.45001220703125,400.0,401.20001220703125,395.8429870605469,15251.0
2017-04-13,405.5,407.1499938964844,400.1000061035156,400.75,395.3989562988281,8359.0
2017-04-17,403.75,403.8999938964844,400.0,400.1000061035156,394.7576599121094,11105.0
2017-04-18,401.25,409.0,397.04998779296875,403.45001220703125,398.0629577636719,23187.0
2017-04-19,405.5,407.3999938964844,399.20001220703125,401.0,395.6456604003906,7127.0
2017-04-20,405.0,408.75,402.04998779296875,404.25,398.8522644042969,13465.0
2017-04-21,408.0,416.70001220703125,405.25,410.25,404.7721252441406,24284.0
2017-04-24,413.8999938964844,416.45001220703125,406.04998779296875,409.0,403.538818359375,12879.0
2017-04-25,412.0,412.0,401.3500061035156,404.70001220703125,399.2962646484375,17374.0
2017-04-26,403.04998779296875,408.95001220703125,390.0,392.70001220703125,387.4564514160156,18241.0
2017-04-27,396.79998779296875,405.0,393.0,396.20001220703125,390.9097595214844,65647.0
2017-04-28,398.79998779296875,407.04998779296875,395.29998779296875,398.5,393.17901611328125,13222.0
2017-05-02,397.0,404.1000061035156,393.25,398.25,392.932373046875,9298.0
2017-05-03,397.8500061035156,399.95001220703125,386.3500061035156,391.3500061035156,386.12451171875,17696.0
2017-05-04,398.0,398.0,380.25,386.75,381.5859375,19686.0
2017-05-05,385.95001220703125,397.0,384.04998779296875,394.75,389.4790954589844,10985.0
2017-05-08,391.70001220703125,397.0,383.6000061035156,389.04998779296875,383.8551940917969,18503.0
2017-05-09,386.5,407.0,385.25,403.8500061035156,398.45758056640625,27375.0
2017-05-10,393.25,393.25,340.6000061035156,361.6000061035156,356.771728515625,343693.0
2017-05-11,363.5,369.79998779296875,345.54998779296875,350.0,345.3266296386719,75370.0
2017-05-12,359.95001220703125,359.95001220703125,337.6000061035156,338.25,333.7335205078125,66001.0
2017-05-15,341.0,352.8999938964844,337.79998779296875,344.95001220703125,340.3440856933594,32937.0
2017-05-16,350.70001220703125,351.3999938964844,340.0,341.54998779296875,336.98944091796875,25607.0
2017-05-17,341.54998779296875,348.8999938964844,340.0,340.95001220703125,336.3974609375,29035.0
2017-05-18,340.20001220703125,341.0,338.1000061035156,339.75,335.2134704589844,15724.0
2017-05-19,345.0,345.0,338.29998779296875,338.95001220703125,334.4241638183594,16106.0
2017-05-22,338.20001220703125,340.5,325.0,327.29998779296875,322.9297180175781,21200.0
2017-05-23,332.95001220703125,332.95001220703125,321.54998779296875,323.1499938964844,318.83514404296875,17225.0
2017-05-24,323.1499938964844,329.54998779296875,321.0,326.1499938964844,321.7950744628906,15231.0
2017-05-25,328.0,328.0,321.5,322.20001220703125,317.8978271484375,18699.0
2017-05-26,327.6499938964844,329.0,317.5,320.0,315.7272033691406,16562.0
2017-05-29,322.75,326.95001220703125,320.6000061035156,323.0,318.6871643066406,16834.0
2017-05-30,324.0,351.0,321.25,342.0,337.4334411621094,34568.0
2017-05-31,345.54998779296875,349.8500061035156,342.8999938964844,347.6000061035156,342.9587097167969,14958.0
2017-06-01,345.0,356.6000061035156,345.0,351.95001220703125,347.2505798339844,10287.0
2017-06-02,345.0,356.6000061035156,345.0,351.45001220703125,346.75726318359375,9367.0
2017-06-05,350.0,358.0,350.0,352.3999938964844,347.694580078125,4635.0
2017-06-06,342.6499938964844,365.0,342.6499938964844,359.6499938964844,354.8477478027344,52430.0
2017-06-07,362.0,366.8999938964844,359.54998779296875,364.3999938964844,359.53436279296875,15071.0
2017-06-08,358.0,367.0,358.0,363.3500061035156,358.49835205078125,3821.0
2017-06-09,364.25,365.54998779296875,359.04998779296875,364.25,359.3863525390625,7488.0
2017-06-12,365.0,365.0,360.0,361.45001220703125,356.6237487792969,41962.0
2017-06-13,362.0,374.79998779296875,352.8999938964844,365.29998779296875,360.4223327636719,31538.0
2017-06-14,367.0,374.0,363.8500061035156,367.1499938964844,362.24761962890625,6009.0
2017-06-15,367.1000061035156,373.70001220703125,359.0,362.25,357.4130554199219,11499.0
2017-06-16,359.0,370.0,355.25,364.70001220703125,359.8303527832031,8699.0
2017-06-19,361.20001220703125,369.0,361.20001220703125,364.8500061035156,359.97833251953125,9314.0
2017-06-20,370.8500061035156,370.8500061035156,363.3999938964844,366.0,361.1129455566406,17040.0
2017-06-21,365.0,373.95001220703125,361.5,369.29998779296875,364.368896484375,9037.0
2017-06-22,372.95001220703125,372.95001220703125,365.0,368.54998779296875,363.6289367675781,3666.0
2017-06-23,374.0,374.0,363.20001220703125,364.75,359.87969970703125,10494.0
2017-06-27,366.0,372.5,357.75,359.1499938964844,354.35443115234375,25506.0
2017-06-28,359.1499938964844,369.79998779296875,358.95001220703125,361.8999938964844,357.0677185058594,8829.0
2017-06-29,367.45001220703125,370.0,363.20001220703125,364.8999938964844,360.0276794433594,4192.0
2017-06-30,365.04998779296875,374.79998779296875,364.04998779296875,369.8500061035156,364.9115905761719,9195.0
2017-07-03,375.0,375.8999938964844,368.5,371.6499938964844,366.68756103515625,7678.0
2017-07-04,378.70001220703125,378.95001220703125,368.6499938964844,374.75,369.74615478515625,5438.0
2017-07-05,379.0,379.0,369.0,375.04998779296875,370.0421447753906,18597.0
2017-07-06,374.6499938964844,384.0,374.3500061035156,379.8999938964844,374.827392578125,139087.0
2017-07-07,382.8500061035156,385.95001220703125,376.04998779296875,383.04998779296875,377.935302734375,6280.0
2017-07-10,380.04998779296875,397.0,380.04998779296875,390.5,385.28582763671875,4642.0
2017-07-11,390.1000061035156,393.0,365.6000061035156,372.04998779296875,367.0821838378906,71070.0
2017-07-12,372.95001220703125,376.25,367.6499938964844,374.8999938964844,369.8941650390625,6237.0
2017-07-13,375.0,375.0,364.8500061035156,368.45001220703125,363.5302734375,6732.0
2017-07-14,369.6000061035156,371.5,357.0,369.3500061035156,364.41827392578125,6138.0
2017-07-17,363.45001220703125,374.3500061035156,363.45001220703125,366.25,361.3596496582031,4521.0
2017-07-18,372.95001220703125,377.0,363.25,371.95001220703125,366.9835510253906,91404.0
2017-07-19,372.0,380.95001220703125,365.29998779296875,375.04998779296875,370.0421447753906,10007.0
2017-07-20,378.6000061035156,379.95001220703125,374.0,376.25,371.2261047363281,5332.0
2017-07-21,384.8999938964844,395.0,371.1499938964844,377.25,372.2127685546875,19842.0
2017-07-24,379.8999938964844,382.79998779296875,373.1499938964844,375.1000061035156,370.09149169921875,13566.0
2017-07-25,378.29998779296875,389.95001220703125,374.0,384.54998779296875,379.4153137207031,12763.0
2017-07-26,384.20001220703125,392.0,378.6000061035156,382.3500061035156,377.24468994140625,10859.0
2017-07-27,386.0,386.0,374.3999938964844,375.0,369.9928283691406,23431.0
2017-07-28,375.3999938964844,384.95001220703125,368.25,373.5,368.5128479003906,27060.0
2017-07-31,370.6000061035156,378.6499938964844,360.1000061035156,363.6000061035156,358.7450256347656,13537.0
2017-08-01,363.04998779296875,366.8500061035156,348.0,354.3500061035156,349.6185302734375,107487.0
2017-08-02,352.1499938964844,359.8999938964844,352.0,355.6000061035156,350.85186767578125,38987.0
2017-08-03,353.1499938964844,363.75,352.25,356.45001220703125,351.69049072265625,5571.0
2017-08-04,355.8999938964844,364.8999938964844,353.8999938964844,357.54998779296875,352.77581787109375,4598.0
2017-08-07,356.29998779296875,360.0,354.0,357.6499938964844,352.8744812011719,4635.0
2017-08-08,361.25,363.8999938964844,357.8999938964844,362.3500061035156,357.5117492675781,5841.0
2017-08-09,360.45001220703125,363.6000061035156,359.1499938964844,361.0,356.17974853515625,7965.0
2017-08-10,360.0,363.54998779296875,359.0,361.0,356.17974853515625,22817.0
2017-08-11,357.0,371.6499938964844,352.0,365.8500061035156,360.9649658203125,18709.0
2017-08-14,361.0,373.0,361.0,364.25,359.3863525390625,11636.0
2017-08-16,368.1000061035156,368.79998779296875,359.0,360.6499938964844,355.83441162109375,6766.0
2017-08-17,360.8999938964844,364.20001220703125,336.04998779296875,341.3999938964844,336.8414611816406,18038.0
2017-08-18,341.79998779296875,355.54998779296875,336.04998779296875,349.79998779296875,345.1293029785156,6549.0
2017-08-21,355.95001220703125,355.95001220703125,338.5,340.75,336.20013427734375,5947.0
2017-08-22,335.04998779296875,339.75,331.0,335.1499938964844,330.6748962402344,14412.0
2017-08-23,334.8500061035156,340.0,334.79998779296875,336.95001220703125,332.4508972167969,4951.0
2017-08-24,336.3999938964844,340.0,331.20001220703125,335.5,331.0202331542969,8730.0
2017-08-28,332.0,338.75,332.0,332.95001220703125,328.5043029785156,7472.0
2017-08-29,340.0,388.0,332.0,365.29998779296875,360.4223327636719,166346.0
2017-08-30,366.95001220703125,366.95001220703125,351.1499938964844,356.0,351.24652099609375,33709.0
2017-08-31,354.29998779296875,364.0,349.04998779296875,357.0,352.233154296875,8603.0
2017-09-01,358.0,361.5,350.1000061035156,352.1000061035156,347.3985900878906,8801.0
2017-09-04,352.5,356.6000061035156,343.5,349.45001220703125,344.78399658203125,7616.0
2017-09-05,350.6499938964844,366.0,344.0,362.5,357.65972900390625,11846.0
2017-09-06,357.0,364.3999938964844,351.0,359.29998779296875,354.5024108886719,3976.0
2017-09-07,359.8999938964844,364.3500061035156,350.25,352.1499938964844,347.4479064941406,4005.0
2017-09-08,357.29998779296875,358.0,349.1499938964844,353.8500061035156,349.1252136230469,6047.0
2017-09-11,351.04998779296875,358.79998779296875,349.0,350.45001220703125,345.7706298828125,8407.0
2017-09-12,353.0,355.95001220703125,344.20001220703125,346.8500061035156,342.21868896484375,14181.0
2017-09-13,349.0,379.6000061035156,349.0,369.29998779296875,364.368896484375,109598.0
2017-09-14,370.0,375.0,356.1499938964844,359.6000061035156,354.7984619140625,17651.0
2017-09-15,359.6000061035156,370.0,353.0,365.8500061035156,360.9649658203125,7580.0
2017-09-18,365.0,369.70001220703125,356.0,363.5,358.6463623046875,10701.0
2017-09-19,361.95001220703125,378.0,355.0,366.3500061035156,362.8558349609375,19738.0
2017-09-20,364.5,374.20001220703125,361.5,364.54998779296875,361.072998046875,6676.0
2017-09-21,364.0,375.0,359.0,360.70001220703125,357.2597351074219,8094.0
2017-09-22,364.8500061035156,364.8500061035156,351.75,355.54998779296875,352.1588439941406,10687.0
2017-09-25,357.0,362.6000061035156,348.0,360.3500061035156,356.9130859375,9839.0
2017-09-26,357.25,369.70001220703125,352.70001220703125,361.29998779296875,357.8539733886719,9231.0
2017-09-27,368.8999938964844,368.8999938964844,351.70001220703125,353.25,349.8807678222656,6873.0
2017-09-28,352.04998779296875,354.0,346.54998779296875,350.6000061035156,347.2560729980469,3268.0
2017-09-29,354.25,369.45001220703125,349.04998779296875,359.70001220703125,356.269287109375,8094.0
2017-10-03,370.0,375.0,358.8999938964844,366.8500061035156,363.35107421875,9477.0
2017-10-04,362.1499938964844,379.0,361.25,375.79998779296875,372.2156982421875,20013.0
2017-10-05,379.6000061035156,385.0,368.29998779296875,382.6000061035156,378.95086669921875,18384.0
2017-10-06,380.0,385.95001220703125,372.1000061035156,375.5,371.9185485839844,9860.0
2017-10-09,374.0,395.0,374.0,388.75,385.0422058105469,19276.0
2017-10-10,388.45001220703125,397.8500061035156,385.25,395.3500061035156,391.5792236328125,19563.0
2017-10-11,396.3500061035156,416.54998779296875,388.04998779296875,391.75,388.0135803222656,46943.0
2017-10-12,388.1499938964844,412.5,388.1499938964844,402.29998779296875,398.46295166015625,14761.0
2017-10-13,402.29998779296875,412.0,395.04998779296875,397.6000061035156,393.8077697753906,9363.0
2017-10-16,395.1000061035156,401.45001220703125,395.1000061035156,399.54998779296875,395.73919677734375,14056.0
2017-10-17,409.5,409.5,397.6499938964844,400.3999938964844,396.5810546875,13441.0
2017-10-18,400.0,404.3999938964844,397.04998779296875,401.04998779296875,397.224853515625,8392.0
2017-10-19,405.1000061035156,408.5,400.0,403.1000061035156,399.25531005859375,3531.0
2017-10-23,412.0,412.0,395.0,395.54998779296875,391.7773132324219,5638.0
2017-10-24,395.0,409.79998779296875,395.0,400.5,396.68011474609375,11400.0
2017-10-25,414.0,414.0,401.04998779296875,403.3500061035156,399.5029296875,24481.0
2017-10-26,409.70001220703125,409.75,401.0,401.8500061035156,398.01727294921875,5365.0
2017-10-27,401.8500061035156,408.0,394.0,395.8500061035156,392.074462890625,12906.0
2017-10-30,396.0,405.0,396.0,401.3500061035156,397.52203369140625,4050.0
2017-10-31,401.95001220703125,409.54998779296875,397.25,404.54998779296875,400.6914978027344,7714.0
2017-11-01,407.8500061035156,407.8500061035156,394.0,395.79998779296875,392.0249328613281,8173.0
2017-11-02,391.04998779296875,404.75,390.0,400.6000061035156,396.7791748046875,6139.0
2017-11-03,403.45001220703125,404.95001220703125,391.6499938964844,395.5,391.7278137207031,7641.0
2017-11-06,391.70001220703125,403.0,391.70001220703125,398.54998779296875,394.74871826171875,8933.0
2017-11-07,396.5,402.0,382.6000061035156,395.95001220703125,392.17352294921875,10236.0
2017-11-08,388.04998779296875,393.95001220703125,388.04998779296875,391.70001220703125,387.9640808105469,3960.0
2017-11-09,385.0,399.75,385.0,391.8500061035156,388.1126403808594,4931.0
2017-11-10,384.0,398.45001220703125,384.0,387.95001220703125,384.24981689453125,4195.0
2017-11-13,383.04998779296875,394.79998779296875,383.04998779296875,390.0,386.2802734375,7396.0
2017-11-14,394.8999938964844,400.95001220703125,387.0,388.3500061035156,384.64599609375,12942.0
2017-11-15,381.5,392.95001220703125,381.5,388.25,384.5469665527344,3644.0
2017-11-16,380.5,392.54998779296875,372.5,391.54998779296875,387.81549072265625,9477.0
2017-11-17,384.04998779296875,398.95001220703125,384.04998779296875,392.3500061035156,388.6078796386719,5433.0
2017-11-20,384.5,402.0,384.5,396.29998779296875,392.5201721191406,6429.0
2017-11-21,397.95001220703125,401.75,390.04998779296875,394.75,390.9849853515625,9582.0
2017-11-22,399.54998779296875,399.54998779296875,387.0,389.79998779296875,386.0821838378906,6347.0
2017-11-23,382.6000061035156,395.0,382.6000061035156,390.3500061035156,386.6269226074219,4732.0
2017-11-24,383.1499938964844,410.5,383.1499938964844,393.6000061035156,389.845947265625,28900.0
2017-11-27,392.0,395.0,386.3500061035156,389.29998779296875,385.5869445800781,11878.0
2017-11-28,394.75,394.79998779296875,386.6000061035156,390.25,386.5278625488281,4037.0
2017-11-29,394.5,448.0,393.79998779296875,425.1499938964844,421.0950012207031,145069.0
2017-11-30,426.8500061035156,442.95001220703125,419.54998779296875,425.45001220703125,421.39215087890625,126449.0
2017-12-01,431.0,449.70001220703125,410.0,419.1499938964844,415.1522521972656,84525.0
2017-12-04,427.6499938964844,439.0,410.0,433.25,429.1177673339844,40297.0
2017-12-05,433.0,435.0,411.6000061035156,419.3999938964844,415.3998718261719,19286.0
2017-12-06,420.6499938964844,426.0,412.5,416.3999938964844,412.428466796875,10223.0
2017-12-07,419.0,423.95001220703125,411.6000061035156,414.1499938964844,410.1999206542969,12491.0
2017-12-08,424.0,424.0,415.0,417.1499938964844,413.17132568359375,15585.0
2017-12-11,410.04998779296875,421.95001220703125,404.8999938964844,407.75,403.8609619140625,18095.0
2017-12-12,411.3999938964844,416.0,402.20001220703125,405.3999938964844,401.53338623046875,13666.0
2017-12-13,408.0,410.75,396.04998779296875,400.04998779296875,396.234375,15735.0
2017-12-14,413.95001220703125,415.0,395.6499938964844,403.54998779296875,399.7010192871094,40171.0
2017-12-15,406.95001220703125,410.8999938964844,399.5,400.25,396.4324951171875,18146.0
2017-12-18,394.04998779296875,404.75,376.1000061035156,396.75,392.96588134765625,14254.0
2017-12-19,393.29998779296875,409.79998779296875,392.29998779296875,399.54998779296875,395.73919677734375,12564.0
2017-12-20,403.0,425.0,399.54998779296875,415.3500061035156,411.38848876953125,37416.0
2017-12-21,419.1000061035156,446.0,406.1000061035156,440.8999938964844,436.6947937011719,68757.0
2017-12-22,456.0,478.95001220703125,451.0,464.95001220703125,460.5154113769531,123621.0
2017-12-26,464.0,465.0,446.0,462.8500061035156,458.4354553222656,25762.0
2017-12-27,462.8999938964844,462.8999938964844,435.0,442.1499938964844,437.932861328125,17073.0
2017-12-28,446.0,446.3999938964844,425.0,428.79998779296875,424.710205078125,10562.0
2017-12-29,433.95001220703125,438.0,420.0,422.25,418.22265625,11848.0
2018-01-01,429.5,447.95001220703125,424.04998779296875,434.25,430.1082458496094,13566.0
2018-01-02,430.0,439.0,416.3500061035156,427.45001220703125,423.3730773925781,14454.0
2018-01-03,434.8500061035156,434.8500061035156,420.5,425.6000061035156,421.5407409667969,16266.0
2018-01-04,425.04998779296875,426.29998779296875,415.0,416.95001220703125,412.9732666015625,16918.0
2018-01-05,427.0,430.0,416.6000061035156,419.54998779296875,415.5484313964844,32647.0
2018-01-08,429.0,446.79998779296875,421.04998779296875,439.70001220703125,435.5062561035156,34649.0
2018-01-09,443.5,443.5,425.1000061035156,440.8500061035156,436.6452941894531,28080.0
2018-01-10,437.8500061035156,444.0,426.8500061035156,429.8999938964844,425.7996826171875,9207.0
2018-01-11,426.5,472.79998779296875,426.45001220703125,457.1000061035156,452.74029541015625,90975.0
2018-01-12,459.70001220703125,475.0,452.70001220703125,468.04998779296875,463.5858459472656,40381.0
2018-01-15,468.04998779296875,493.0,460.3500061035156,467.25,462.7934875488281,50371.0
2018-01-16,471.8500061035156,484.04998779296875,453.45001220703125,458.75,454.37457275390625,34839.0
2018-01-17,461.95001220703125,550.5,439.04998779296875,550.5,545.2494506835938,423752.0
2018-01-18,570.0999755859375,577.2000122070312,492.3500061035156,499.1000061035156,494.3396911621094,232302.0
2018-01-19,505.0,538.0,480.79998779296875,498.70001220703125,493.9435119628906,75396.0
2018-01-22,524.0,585.0,515.0,550.5499877929688,545.2990112304688,341083.0
2018-01-23,555.0,594.7000122070312,544.0,562.4000244140625,557.0360107421875,191229.0
2018-01-24,550.0,575.0,536.75,542.5499877929688,537.375244140625,104243.0
2018-01-25,542.2999877929688,547.5,526.9500122070312,529.7000122070312,524.6478271484375,26028.0
2018-01-29,533.0,539.5,518.0,525.25,520.2402954101562,21594.0
2018-01-30,525.0,546.9500122070312,507.0,530.5999755859375,525.5392456054688,30105.0
2018-01-31,520.4500122070312,535.0,515.0499877929688,524.5,519.4974365234375,11311.0
2018-02-01,516.5499877929688,535.0,516.5499877929688,525.2999877929688,520.289794921875,30813.0
2018-02-02,531.0,550.0,485.0,520.1500244140625,515.18896484375,28209.0
2018-02-05,520.1500244140625,560.0,485.20001220703125,551.75,546.4874877929688,29947.0
2018-02-06,529.7000122070312,529.9500122070312,505.1000061035156,518.5499877929688,513.6041870117188,27628.0
2018-02-07,529.9500122070312,530.0,505.0,512.4500122070312,507.5623779296875,27566.0
2018-02-08,510.0,542.9500122070312,510.0,539.0499877929688,533.9086303710938,24882.0
2018-02-09,528.0,543.9500122070312,517.0,525.7000122070312,520.6859741210938,16562.0
2018-02-12,521.5,539.9000244140625,505.04998779296875,508.3500061035156,503.50146484375,36818.0
2018-02-14,519.75,525.0,510.0,513.0999755859375,508.2061462402344,15382.0
2018-02-15,514.2000122070312,534.9500122070312,510.0,511.29998779296875,506.4233093261719,16508.0
2018-02-16,520.0,525.0,510.0,515.75,510.8309020996094,13013.0
2018-02-19,516.0499877929688,516.0499877929688,498.95001220703125,500.79998779296875,496.02349853515625,41152.0
2018-02-20,502.0,527.4000244140625,499.6000061035156,523.5499877929688,518.5564575195312,19425.0
2018-02-21,524.0,527.9500122070312,512.0,514.3499755859375,509.4442138671875,6537.0
2018-02-22,518.0999755859375,524.5,508.54998779296875,516.2000122070312,511.276611328125,5785.0
2018-02-23,516.2000122070312,529.0,512.4000244140625,524.4500122070312,519.4479370117188,8209.0
2018-02-26,527.0999755859375,537.4500122070312,526.0999755859375,530.2000122070312,525.14306640625,7542.0
2018-02-27,527.0499877929688,533.9000244140625,515.0,519.5999755859375,514.6441040039062,6460.0
2018-02-28,508.04998779296875,535.0499877929688,505.0,515.8499755859375,510.929931640625,13570.0
2018-03-01,518.5499877929688,523.8499755859375,511.04998779296875,513.4000244140625,508.5033264160156,7547.0
2018-03-05,514.0499877929688,535.0,514.0,529.2999877929688,524.2516479492188,11261.0
2018-03-06,534.9000244140625,534.9000244140625,509.25,526.3499755859375,521.3297729492188,152511.0
2018-03-07,526.3499755859375,526.3499755859375,515.0499877929688,518.0,513.0594482421875,118900.0
2018-03-08,518.0999755859375,529.4000244140625,506.0,511.25,506.3738098144531,9514.0
2018-03-09,522.9500122070312,524.25,504.0,505.25,500.4310607910156,8684.0
2018-03-12,517.8499755859375,520.0,508.0,513.4000244140625,508.5033264160156,9023.0
2018-03-13,515.0999755859375,517.9500122070312,507.95001220703125,510.1499938964844,505.2843017578125,5576.0
2018-03-14,514.5,514.9500122070312,498.1000061035156,505.79998779296875,500.9757995605469,10246.0
2018-03-15,511.95001220703125,511.95001220703125,500.04998779296875,504.45001220703125,499.638671875,6801.0
2018-03-16,504.6000061035156,515.0,503.0,504.5,499.6882019042969,8823.0
2018-03-19,512.9500122070312,512.9500122070312,485.0,489.79998779296875,485.1283874511719,11223.0
2018-03-20,477.04998779296875,505.0,477.04998779296875,492.0,487.3074035644531,9463.0
2018-03-21,504.25,504.6000061035156,476.8999938964844,483.5,478.88848876953125,5906.0
2018-03-22,488.95001220703125,489.04998779296875,465.0,469.6499938964844,465.1705627441406,8853.0
2018-03-23,469.6499938964844,512.0,461.20001220703125,497.25,492.5073547363281,34577.0
2018-03-26,498.95001220703125,518.7999877929688,485.0,513.4500122070312,508.5528259277344,17472.0
2018-03-27,509.3500061035156,519.7999877929688,505.95001220703125,512.5499877929688,507.6614074707031,4647.0
2018-03-28,511.95001220703125,515.4500122070312,485.25,511.95001220703125,507.067138671875,9100.0
2018-04-02,516.0,533.0,515.0,529.5999755859375,524.5487670898438,14927.0
2018-04-03,525.0,555.0,524.5,550.8499755859375,545.5961303710938,17071.0
2018-04-04,552.0,558.0,533.9000244140625,543.5499877929688,538.36572265625,13906.0
2018-04-05,545.0499877929688,559.4000244140625,541.25,554.4000244140625,549.1122436523438,10443.0
2018-04-06,555.0,555.0,527.2999877929688,536.6500244140625,531.5315551757812,10309.0
2018-04-09,536.6500244140625,544.7999877929688,528.5999755859375,535.4500122070312,530.343017578125,5164.0
2018-04-10,531.7999877929688,556.9000244140625,531.7999877929688,535.5999755859375,530.4915161132812,7546.0
2018-04-11,536.25,540.0,511.95001220703125,518.6500244140625,513.7032470703125,12053.0
2018-04-12,518.6500244140625,526.9500122070312,516.0999755859375,519.1500244140625,514.198486328125,4611.0
2018-04-13,524.9500122070312,533.7999877929688,510.0,513.4000244140625,508.5033264160156,7157.0
2018-04-16,523.5499877929688,523.5499877929688,505.75,509.3500061035156,504.491943359375,7618.0
2018-04-17,510.0,515.5,505.54998779296875,507.8999938964844,503.0557861328125,7040.0
2018-04-18,507.8999938964844,514.75,503.1499938964844,507.04998779296875,502.2138671875,7075.0
2018-04-19,507.0,510.0,495.0,498.20001220703125,493.44830322265625,9420.0
2018-04-20,498.54998779296875,510.0,498.20001220703125,501.5,496.716796875,4667.0
2018-04-23,502.5,506.8999938964844,496.0,501.5,496.716796875,8896.0
2018-04-24,502.5,505.75,487.0,491.29998779296875,486.61407470703125,7091.0
2018-04-25,490.3999938964844,490.3999938964844,481.25,484.25,479.6313171386719,15886.0
2018-04-26,484.1499938964844,494.75,476.29998779296875,478.3500061035156,473.7876281738281,13967.0
2018-04-27,488.6499938964844,489.79998779296875,476.29998779296875,478.6499938964844,474.0847473144531,9155.0
2018-04-30,480.75,488.8999938964844,478.25,482.3500061035156,477.74945068359375,11058.0
2018-05-02,488.54998779296875,488.54998779296875,465.8999938964844,468.6499938964844,464.1801452636719,12484.0
2018-05-03,470.54998779296875,470.95001220703125,459.04998779296875,463.0,458.5840148925781,13609.0
2018-05-04,464.04998779296875,472.0,452.54998779296875,465.3500061035156,460.91162109375,15022.0
2018-05-07,465.3500061035156,473.0,455.8999938964844,460.8999938964844,456.5040588378906,5674.0
2018-05-08,462.20001220703125,481.20001220703125,462.20001220703125,466.95001220703125,462.496337890625,8257.0
2018-05-09,470.5,477.0,458.0,459.25,454.8697814941406,8843.0
2018-05-10,461.95001220703125,476.0,457.0,458.1000061035156,453.7307434082031,13291.0
2018-05-11,462.95001220703125,466.8999938964844,456.04998779296875,461.45001220703125,457.048828125,2923.0
2018-05-14,469.54998779296875,479.5,451.1000061035156,453.20001220703125,448.87750244140625,7726.0
2018-05-15,460.29998779296875,468.0,444.79998779296875,462.5,458.0887756347656,12799.0
2018-05-16,469.0,486.95001220703125,456.25,469.29998779296875,464.82391357421875,81039.0
2018-05-17,473.04998779296875,473.04998779296875,458.04998779296875,460.8500061035156,456.45452880859375,22432.0
2018-05-18,463.04998779296875,470.5,450.0,465.0,460.56494140625,71208.0
2018-05-21,470.0,480.0,456.54998779296875,464.3500061035156,459.921142578125,20377.0
2018-05-22,467.70001220703125,479.0,462.95001220703125,473.1499938964844,468.63720703125,3593.0
2018-05-23,476.54998779296875,478.0,463.25,472.70001220703125,468.1914978027344,4026.0
2018-05-24,475.0,480.0,460.0,464.6000061035156,460.16876220703125,5411.0
2018-05-25,469.04998779296875,476.45001220703125,469.0,470.70001220703125,466.2106018066406,2690.0
2018-05-28,474.54998779296875,482.0,464.0,467.29998779296875,462.8429870605469,5008.0
2018-05-29,478.20001220703125,533.0499877929688,472.6499938964844,499.25,494.4882507324219,42109.0
2018-05-30,492.25,511.3999938964844,490.0,500.8999938964844,496.1225280761719,8711.0
2018-05-31,515.9000244140625,516.7000122070312,493.5,504.1499938964844,499.3415222167969,12767.0
2018-06-01,509.79998779296875,509.79998779296875,490.54998779296875,495.5,490.7740478515625,4049.0
2018-06-04,499.3500061035156,500.45001220703125,480.0,482.1499938964844,477.5513610839844,3505.0
2018-06-05,475.0,495.0,462.3500061035156,466.75,462.2982482910156,7469.0
2018-06-06,467.1000061035156,487.95001220703125,462.70001220703125,483.5,478.88848876953125,5049.0
2018-06-07,484.0,495.04998779296875,484.0,492.1499938964844,487.45599365234375,5496.0
2018-06-08,489.6000061035156,490.8999938964844,482.0,484.70001220703125,480.0770568847656,3726.0
2018-06-11,484.70001220703125,492.1000061035156,483.0,488.25,483.59320068359375,2134.0
2018-06-12,489.75,511.8500061035156,485.79998779296875,497.29998779296875,492.5568542480469,12241.0
2018-06-13,499.0,500.0,483.79998779296875,487.8500061035156,483.197021484375,5161.0
2018-06-14,487.8500061035156,494.0,487.8500061035156,491.1000061035156,486.4159851074219,10434.0
2018-06-15,492.45001220703125,500.0,490.29998779296875,498.95001220703125,494.1911315917969,3062.0
2018-06-18,481.3500061035156,497.70001220703125,481.3500061035156,491.6499938964844,486.96075439453125,2827.0
2018-06-19,491.6499938964844,500.0,491.5,496.6000061035156,491.8635559082031,3359.0
2018-06-20,495.95001220703125,496.04998779296875,488.95001220703125,492.29998779296875,487.60455322265625,851.0
2018-06-21,491.79998779296875,499.8500061035156,482.95001220703125,491.54998779296875,486.8616943359375,3926.0
2018-06-22,491.25,497.75,481.5,488.3500061035156,483.6922607421875,4487.0
2018-06-25,487.1499938964844,495.8999938964844,487.1499938964844,492.3999938964844,487.70361328125,5185.0
2018-06-26,492.25,500.0,480.0,496.79998779296875,492.0616149902344,7374.0
2018-06-27,494.70001220703125,498.6000061035156,485.0,493.1000061035156,488.3969421386719,20832.0
2018-06-28,493.04998779296875,493.04998779296875,463.45001220703125,465.54998779296875,461.10968017578125,8428.0
2018-06-29,467.3999938964844,491.0,460.0,470.45001220703125,465.9629821777344,5332.0
2018-07-02,480.0,480.95001220703125,459.8999938964844,476.54998779296875,472.0047607421875,5198.0
2018-07-03,469.70001220703125,480.0,461.0,462.20001220703125,457.7916564941406,8045.0
2018-07-04,462.20001220703125,484.8999938964844,462.0,472.0,467.4981689453125,8541.0
2018-07-05,464.70001220703125,488.95001220703125,464.70001220703125,482.70001220703125,478.09613037109375,6338.0
2018-07-06,482.1000061035156,482.1000061035156,459.29998779296875,460.75,456.35546875,9682.0
2018-07-09,461.29998779296875,469.79998779296875,460.0,465.0,460.56494140625,5489.0
2018-07-10,465.0,474.75,460.8500061035156,464.3999938964844,459.97064208984375,5202.0
2018-07-11,460.04998779296875,469.3999938964844,450.0,455.6499938964844,451.3041076660156,5389.0
2018-07-12,446.8500061035156,461.3999938964844,440.0,445.1000061035156,440.854736328125,7631.0
2018-07-13,445.1000061035156,445.95001220703125,436.5,437.6000061035156,433.42626953125,7151.0
2018-07-16,440.0,449.29998779296875,436.04998779296875,438.1000061035156,433.9215087890625,4461.0
2018-07-17,436.04998779296875,467.20001220703125,436.04998779296875,450.1000061035156,445.8070373535156,4588.0
2018-07-18,450.04998779296875,458.0,445.95001220703125,450.1000061035156,445.8070373535156,3033.0
2018-07-19,445.5,448.3500061035156,422.8999938964844,428.29998779296875,424.2149658203125,7910.0
2018-07-20,434.1499938964844,445.8999938964844,425.29998779296875,440.8500061035156,436.6452941894531,5878.0
2018-07-23,449.0,450.0,445.0,449.8500061035156,445.5594482421875,11299.0
2018-07-24,449.95001220703125,466.95001220703125,449.1499938964844,465.6499938964844,461.208740234375,11938.0
2018-07-25,465.0,477.25,461.1499938964844,471.75,467.25054931640625,7270.0
2018-07-26,472.0,481.70001220703125,470.0,472.6499938964844,468.1419677734375,4606.0
2018-07-27,481.70001220703125,491.95001220703125,473.0,482.29998779296875,477.6999206542969,11494.0
2018-07-30,484.95001220703125,498.29998779296875,482.5,497.45001220703125,492.7054443359375,13215.0
2018-07-31,496.6000061035156,516.8499755859375,480.6499938964844,503.70001220703125,498.89581298828125,15216.0
2018-08-01,496.75,504.79998779296875,496.6000061035156,499.1499938964844,494.38922119140625,3045.0
2018-08-02,498.1000061035156,510.0,485.0,507.45001220703125,502.6100769042969,6716.0
2018-08-03,502.95001220703125,511.3999938964844,491.0,499.79998779296875,495.03302001953125,7050.0
2018-08-06,503.0,506.3500061035156,498.0,501.8500061035156,497.0634765625,8447.0
2018-08-07,500.6499938964844,503.3500061035156,490.0,492.25,487.5550231933594,6089.0
2018-08-08,489.20001220703125,500.0,485.0,485.3500061035156,480.7208557128906,6901.0
2018-08-09,485.3500061035156,493.70001220703125,481.54998779296875,491.95001220703125,487.2579040527344,6028.0
2018-08-10,487.29998779296875,494.95001220703125,473.0,491.1000061035156,486.4159851074219,7080.0
2018-08-13,494.54998779296875,495.0,481.04998779296875,481.70001220703125,477.10565185546875,4122.0
2018-08-14,498.8999938964844,498.8999938964844,472.04998779296875,476.5,471.9552307128906,8282.0
2018-08-16,485.95001220703125,487.0,469.0,478.3500061035156,473.7876281738281,2570.0
2018-08-17,480.54998779296875,492.79998779296875,480.54998779296875,489.04998779296875,484.3855285644531,2389.0
2018-08-20,492.04998779296875,492.04998779296875,475.5,479.70001220703125,475.124755859375,6852.0
2018-08-21,470.1000061035156,490.0,470.1000061035156,487.70001220703125,483.0484619140625,3660.0
2018-08-23,490.79998779296875,492.95001220703125,474.0,479.3500061035156,474.778076171875,3664.0
2018-08-24,480.0,488.0,465.0,473.29998779296875,468.7857666015625,7930.0
2018-08-27,478.75,486.0,468.0,473.25,468.73626708984375,3577.0
2018-08-28,473.0,489.79998779296875,473.0,485.3500061035156,480.7208557128906,4288.0
2018-08-29,483.0,486.70001220703125,477.0,480.95001220703125,476.3628234863281,3471.0
2018-08-30,481.0,513.5499877929688,480.95001220703125,509.3500061035156,504.491943359375,16968.0
2018-08-31,500.1000061035156,512.0,498.0,505.8500061035156,501.0252990722656,7698.0
2018-09-03,499.0,532.0,499.0,521.5,518.1136474609375,10969.0
2018-09-04,520.75,524.9500122070312,484.3500061035156,498.25,495.0146179199219,8287.0
2018-09-05,495.0,507.45001220703125,483.1000061035156,489.3500061035156,486.1723937988281,6418.0
2018-09-06,497.25,505.0,484.3999938964844,490.5,487.31494140625,5098.0
2018-09-07,496.70001220703125,496.70001220703125,485.0,492.25,489.0535583496094,3707.0
2018-09-10,494.95001220703125,496.54998779296875,484.29998779296875,488.70001220703125,485.5266418457031,3515.0
2018-09-11,494.8500061035156,495.70001220703125,477.0,478.20001220703125,475.0948181152344,4796.0
2018-09-12,479.5,495.20001220703125,479.5,492.3999938964844,489.20257568359375,2189.0
2018-09-14,502.1499938964844,504.70001220703125,494.0,495.75,492.5308532714844,3270.0
2018-09-17,490.0,500.0,477.1000061035156,495.45001220703125,492.2327880859375,5185.0
2018-09-18,501.04998779296875,543.0999755859375,490.0,505.0,501.72076416015625,8303.0
2018-09-19,515.0499877929688,515.0499877929688,489.79998779296875,497.3999938964844,494.1701354980469,1932.0
2018-09-21,496.0,507.75,451.1000061035156,484.20001220703125,481.05584716796875,10366.0
2018-09-24,480.8500061035156,482.54998779296875,445.04998779296875,451.6499938964844,448.7171936035156,17059.0
2018-09-25,451.6499938964844,460.0,435.95001220703125,450.70001220703125,447.77337646484375,23874.0
2018-09-26,459.6000061035156,460.0,430.0,436.6000061035156,433.76495361328125,11428.0
2018-09-27,437.0,451.0,414.3500061035156,419.54998779296875,416.82562255859375,11169.0
2018-09-28,420.79998779296875,447.5,420.79998779296875,424.0,421.24676513671875,9505.0
2018-10-01,425.75,429.1499938964844,409.8500061035156,414.45001220703125,411.7587890625,9573.0
2018-10-03,416.8500061035156,428.3500061035156,410.0,416.95001220703125,414.2425537109375,7019.0
2018-10-04,403.0,431.3500061035156,380.54998779296875,399.1499938964844,396.55810546875,12499.0
2018-10-05,406.0,407.95001220703125,376.29998779296875,405.45001220703125,402.8172302246094,9037.0
2018-10-08,435.0,435.0,402.0,408.95001220703125,406.29449462890625,12570.0
2018-10-09,407.29998779296875,433.0,405.0,422.75,420.0048828125,5049.0
2018-10-10,425.45001220703125,439.70001220703125,405.0,423.04998779296875,420.30291748046875,9955.0
2018-10-11,419.0,445.0,410.0,433.54998779296875,430.7347412109375,9521.0
2018-10-12,442.1000061035156,462.0,433.54998779296875,453.20001220703125,450.25714111328125,2516.0
2018-10-15,461.95001220703125,462.0,440.8500061035156,456.54998779296875,453.58538818359375,27607.0
2018-10-16,459.8500061035156,462.0,450.0,456.04998779296875,453.088623046875,1477.0
2018-10-17,457.25,463.3999938964844,435.0,437.0,434.1623229980469,2822.0
2018-10-19,431.04998779296875,441.29998779296875,390.20001220703125,428.25,425.4691467285156,61680.0
2018-10-22,421.8999938964844,428.95001220703125,405.0,417.95001220703125,415.2360534667969,3368.0
2018-10-23,426.0,426.0,405.0,412.20001220703125,409.52337646484375,5442.0
2018-10-24,411.29998779296875,417.54998779296875,410.1000061035156,412.25,409.57305908203125,3926.0
2018-10-25,410.20001220703125,421.79998779296875,403.75,411.75,409.0762939453125,3946.0
2018-10-26,415.04998779296875,462.0,414.3500061035156,446.70001220703125,443.7993469238281,2600.0
2018-10-29,455.1000061035156,461.8999938964844,442.70001220703125,456.79998779296875,453.833740234375,4312.0
2018-10-30,463.0,463.0,436.54998779296875,445.95001220703125,443.0542297363281,1463.0
2018-10-31,447.6499938964844,485.0,431.20001220703125,438.75,435.9009704589844,9394.0
2018-11-01,451.0,526.5,447.8999938964844,518.1500244140625,514.785400390625,178123.0
2018-11-02,509.0,514.7000122070312,463.0,476.25,473.157470703125,13775.0
2018-11-05,485.75,485.75,465.3500061035156,477.3999938964844,474.29998779296875,2308.0
2018-11-06,473.5,484.0,469.0,480.75,477.62823486328125,1348.0
2018-11-07,483.95001220703125,494.0,471.54998779296875,485.04998779296875,481.9002990722656,747.0
2018-11-09,490.0,490.0,452.6000061035156,464.04998779296875,461.03668212890625,5399.0
2018-11-12,465.8999938964844,465.8999938964844,432.6000061035156,449.3500061035156,446.4321594238281,9779.0
2018-11-13,456.8500061035156,465.95001220703125,434.20001220703125,464.0,460.98699951171875,5047.0
2018-11-14,467.95001220703125,467.95001220703125,455.3500061035156,465.70001220703125,462.6759948730469,2877.0
2018-11-15,469.5,469.5,450.0,457.04998779296875,454.0821228027344,2777.0
2018-11-16,458.0,465.04998779296875,451.25,459.8500061035156,456.86395263671875,4221.0
2018-11-19,461.79998779296875,490.0,450.0,471.5,468.4383239746094,5103.0
2018-11-20,471.3500061035156,480.0,464.95001220703125,478.1499938964844,475.0451354980469,3641.0
2018-11-21,474.54998779296875,475.6000061035156,453.6499938964844,468.3500061035156,465.30877685546875,2762.0
2018-11-22,469.1000061035156,489.0,468.54998779296875,477.95001220703125,474.846435546875,1886.0
2018-11-26,480.04998779296875,480.04998779296875,456.20001220703125,461.6499938964844,458.6522521972656,2779.0
2018-11-27,470.8500061035156,475.0,457.54998779296875,471.8999938964844,468.835693359375,2075.0
2018-11-28,469.8500061035156,475.95001220703125,461.0,469.6499938964844,466.6003112792969,4679.0
2018-11-29,469.8999938964844,475.0,459.20001220703125,462.1499938964844,459.1490173339844,5720.0
2018-11-30,462.1499938964844,469.8999938964844,460.04998779296875,461.25,458.2548828125,713.0
2018-12-03,469.8999938964844,470.0,462.20001220703125,468.20001220703125,465.1597595214844,9791.0
2018-12-04,466.04998779296875,466.04998779296875,456.20001220703125,459.29998779296875,456.3175048828125,3410.0
2018-12-05,459.3500061035156,459.3500061035156,435.1000061035156,445.1000061035156,442.2097473144531,11859.0
2018-12-06,445.0,447.1499938964844,434.25,440.1000061035156,437.2422180175781,15669.0
2018-12-07,438.0,442.1499938964844,425.1000061035156,430.8500061035156,428.0522766113281,13189.0
2018-12-10,434.8500061035156,437.45001220703125,431.0,432.8500061035156,430.0392761230469,2443.0
2018-12-11,433.8999938964844,435.54998779296875,430.0,431.3999938964844,428.59869384765625,1634.0
2018-12-12,429.70001220703125,439.5,427.04998779296875,434.04998779296875,431.2314758300781,2137.0
2018-12-13,434.3500061035156,439.5,425.0,429.6000061035156,426.8103942871094,10645.0
2018-12-14,432.6499938964844,432.70001220703125,412.45001220703125,420.25,417.5211181640625,12808.0
2018-12-17,420.8999938964844,434.79998779296875,420.8999938964844,428.04998779296875,425.27044677734375,6408.0
2018-12-18,430.29998779296875,431.1499938964844,414.3500061035156,419.3500061035156,416.626953125,8991.0
2018-12-19,421.3999938964844,425.1000061035156,419.3999938964844,423.8999938964844,421.14739990234375,11783.0
2018-12-20,424.5,425.20001220703125,422.0,424.79998779296875,422.0415344238281,4910.0
2018-12-21,425.0,425.0,417.5,420.1499938964844,417.4217529296875,13372.0
2018-12-24,419.95001220703125,424.0,415.0,420.6499938964844,417.9184875488281,2210.0
2018-12-26,420.0,429.04998779296875,415.0,422.25,419.50811767578125,1349.0
2018-12-27,422.8500061035156,432.3999938964844,422.8500061035156,423.6000061035156,420.849365234375,1809.0
2018-12-28,425.45001220703125,429.6000061035156,421.20001220703125,426.6499938964844,423.8795471191406,2471.0
2018-12-31,429.8999938964844,432.0,420.0,430.04998779296875,427.2574462890625,3369.0
2019-01-01,431.1000061035156,435.0,423.1000061035156,425.0,422.2402648925781,1685.0
2019-01-02,427.0,444.79998779296875,421.0,430.70001220703125,427.90325927734375,3082.0
2019-01-03,430.1000061035156,454.3999938964844,427.1000061035156,432.54998779296875,429.7412109375,5256.0
2019-01-04,434.04998779296875,444.70001220703125,428.1000061035156,433.54998779296875,430.7347412109375,1580.0
2019-01-07,440.0,448.45001220703125,429.04998779296875,438.0,435.1558532714844,5411.0
2019-01-08,439.8999938964844,449.8999938964844,435.0,439.75,436.89447021484375,2426.0
2019-01-09,443.3500061035156,443.3500061035156,435.0,437.5,434.6590881347656,2210.0
2019-01-10,442.45001220703125,454.0,435.0,444.04998779296875,441.1665344238281,5501.0
2019-01-11,443.70001220703125,449.0,437.04998779296875,439.8999938964844,437.0434875488281,1059.0
2019-01-14,429.0,440.1000061035156,429.0,438.70001220703125,435.851318359375,2913.0
2019-01-15,438.25,445.8999938964844,432.0,433.5,430.68505859375,5296.0
2019-01-16,435.8500061035156,446.0,430.0,438.04998779296875,435.20550537109375,4016.0
2019-01-17,436.54998779296875,449.8500061035156,431.29998779296875,435.54998779296875,432.72174072265625,2862.0
2019-01-18,438.6000061035156,443.0,428.5,429.0,426.21429443359375,3570.0
2019-01-21,431.75,436.0,421.0,423.1499938964844,420.4022521972656,5725.0
2019-01-22,426.3500061035156,430.20001220703125,415.0,416.0,413.2987060546875,5513.0
2019-01-23,418.6499938964844,423.45001220703125,411.29998779296875,414.6000061035156,411.9078063964844,3924.0
2019-01-24,416.3500061035156,428.3999938964844,391.04998779296875,402.25,399.63800048828125,20236.0
2019-01-25,405.04998779296875,419.79998779296875,401.0,415.70001220703125,413.00067138671875,4754.0
2019-01-28,415.8999938964844,424.54998779296875,395.0,404.0,401.3766174316406,23939.0
2019-01-29,402.1000061035156,409.70001220703125,335.0,354.5,352.19805908203125,52948.0
2019-01-30,364.5,380.0,351.0,363.8999938964844,361.5370178222656,13416.0
2019-01-31,365.45001220703125,377.79998779296875,364.5,369.54998779296875,367.1502990722656,7358.0
2019-02-01,363.0,378.3500061035156,347.6000061035156,354.3500061035156,352.0490417480469,110846.0
2019-02-04,351.04998779296875,358.0,344.6000061035156,350.0,347.7272644042969,19538.0
2019-02-05,351.45001220703125,351.45001220703125,337.1000061035156,338.8999938964844,336.6993408203125,13461.0
2019-02-06,339.95001220703125,343.5,336.0,340.70001220703125,338.4876708984375,12311.0
2019-02-07,342.04998779296875,357.70001220703125,340.0,345.20001220703125,342.9584655761719,8708.0
2019-02-08,342.6499938964844,356.5,342.6499938964844,355.04998779296875,352.7444763183594,2434.0
2019-02-11,379.0,379.0,351.04998779296875,358.20001220703125,355.8740234375,9553.0
2019-02-12,358.0,359.0,345.04998779296875,350.1000061035156,347.8266296386719,9219.0
2019-02-14,338.1499938964844,348.0,338.1499938964844,347.04998779296875,344.7964172363281,8559.0
2019-02-15,347.3999938964844,352.0,344.0,350.6000061035156,348.3233947753906,15237.0
2019-02-18,351.8999938964844,351.95001220703125,333.04998779296875,340.54998779296875,338.338623046875,5464.0
2019-02-19,351.3999938964844,351.95001220703125,335.5,344.45001220703125,342.21331787109375,4338.0
2019-02-20,346.20001220703125,350.0,346.20001220703125,349.45001220703125,347.18084716796875,3721.0
2019-02-21,348.45001220703125,354.5,348.0,351.70001220703125,349.416259765625,5657.0
2019-02-22,350.8999938964844,359.5,350.54998779296875,358.29998779296875,355.9733581542969,3072.0
2019-02-25,358.0,361.95001220703125,355.04998779296875,357.04998779296875,354.7314758300781,4938.0
2019-02-26,361.95001220703125,367.0,356.0,365.29998779296875,362.92791748046875,3877.0
2019-02-27,367.0,411.95001220703125,367.0,379.20001220703125,376.7376708984375,27613.0
2019-02-28,380.20001220703125,398.70001220703125,374.95001220703125,390.04998779296875,387.5171813964844,11456.0
2019-03-01,390.95001220703125,392.6499938964844,380.0,386.0,383.4934997558594,3725.0
2019-03-05,389.0,397.0,379.70001220703125,390.04998779296875,387.5171813964844,5059.0
2019-03-06,396.0,397.95001220703125,384.29998779296875,389.29998779296875,386.7720642089844,5160.0
2019-03-07,385.0,402.0,385.0,397.6499938964844,395.0678405761719,5139.0
2019-03-08,403.0,403.0,380.0,385.04998779296875,382.5496520996094,7175.0
2019-03-11,380.0,405.0,380.0,400.0,397.402587890625,6092.0
2019-03-12,400.1000061035156,405.95001220703125,390.1000061035156,400.6499938964844,398.0483703613281,10016.0
2019-03-13,401.04998779296875,407.95001220703125,394.0,405.6000061035156,402.96624755859375,4107.0
2019-03-14,407.8500061035156,407.8500061035156,369.1000061035156,386.1000061035156,383.5928649902344,22455.0
2019-03-15,393.75,395.45001220703125,382.0,388.45001220703125,385.9276123046875,8020.0
2019-03-18,394.45001220703125,406.95001220703125,392.79998779296875,405.6499938964844,403.0158996582031,5571.0
2019-03-19,407.0,411.8999938964844,401.0,408.79998779296875,406.14544677734375,3684.0
2019-03-20,411.8500061035156,412.45001220703125,400.0,406.20001220703125,403.5623474121094,4632.0
2019-03-22,404.54998779296875,405.95001220703125,396.0,401.54998779296875,398.9425048828125,6747.0
2019-03-25,407.8999938964844,407.8999938964844,395.0,395.70001220703125,393.1305236816406,8280.0
2019-03-26,402.1499938964844,404.75,386.6000061035156,390.04998779296875,387.5171813964844,5191.0
2019-03-27,397.8500061035156,404.5,396.04998779296875,400.04998779296875,397.4522705078125,9582.0
2019-03-28,404.1499938964844,410.0,402.54998779296875,408.8500061035156,406.19512939453125,3555.0
2019-04-01,407.04998779296875,410.79998779296875,404.29998779296875,406.29998779296875,403.66168212890625,2981.0
2019-04-02,406.25,413.0,400.04998779296875,409.6499938964844,406.98992919921875,3192.0
2019-04-03,409.6499938964844,416.1000061035156,397.0,399.79998779296875,397.2038879394531,10343.0
2019-04-04,407.79998779296875,407.79998779296875,393.04998779296875,395.0,392.43505859375,7470.0
2019-04-05,401.3999938964844,402.6000061035156,400.04998779296875,400.6499938964844,398.0483703613281,4582.0
2019-04-08,400.29998779296875,411.0,399.0,400.04998779296875,397.4522705078125,4488.0
2019-04-09,405.25,406.95001220703125,383.0,386.45001220703125,383.9405822753906,10110.0
2019-04-10,390.95001220703125,403.1000061035156,389.04998779296875,400.0,397.402587890625,7335.0
2019-04-11,392.0,409.0,392.0,405.95001220703125,403.31396484375,2691.0
2019-04-12,414.0,414.20001220703125,405.04998779296875,408.04998779296875,405.4002990722656,2410.0
2019-04-15,403.95001220703125,411.0,393.0,400.8500061035156,398.2470703125,4957.0
2019-04-16,395.0,419.0,395.0,400.54998779296875,397.9490051269531,8806.0
2019-04-18,400.1499938964844,400.1499938964844,383.0,390.04998779296875,387.5171813964844,15036.0
2019-04-22,391.04998779296875,403.0,387.1000061035156,398.04998779296875,395.4652404785156,2706.0
2019-04-23,393.45001220703125,402.0,390.0,397.1499938964844,394.57110595703125,2919.0
2019-04-24,395.20001220703125,399.8999938964844,384.04998779296875,394.95001220703125,392.3854064941406,5972.0
2019-04-25,392.45001220703125,399.95001220703125,388.0,396.3500061035156,393.77630615234375,1043.0
2019-04-26,392.79998779296875,393.5,384.79998779296875,390.8500061035156,388.31201171875,2118.0
2019-04-30,387.1000061035156,400.0,383.0,384.5,382.00323486328125,3226.0
2019-05-02,384.5,396.8999938964844,384.5,393.45001220703125,390.8951416015625,1616.0
2019-05-03,393.6499938964844,393.6499938964844,385.70001220703125,390.45001220703125,387.91461181640625,2474.0
2019-05-06,385.1000061035156,387.1499938964844,362.1000061035156,369.79998779296875,367.398681640625,8159.0
2019-05-07,375.0,375.0,360.1000061035156,361.6000061035156,359.251953125,6492.0
2019-05-08,364.5,402.5,364.5,389.45001220703125,386.9211120605469,38044.0
2019-05-09,393.79998779296875,393.79998779296875,368.6000061035156,375.95001220703125,373.5087890625,7207.0
2019-05-10,370.3999938964844,393.0,370.3999938964844,377.04998779296875,374.60162353515625,2899.0
2019-05-13,384.6000061035156,388.04998779296875,362.20001220703125,381.79998779296875,379.3207702636719,5012.0
2019-05-14,383.20001220703125,383.20001220703125,355.04998779296875,368.95001220703125,366.5542297363281,13635.0
2019-05-15,373.3500061035156,373.6499938964844,355.1499938964844,358.1000061035156,355.7746887207031,4505.0
2019-05-16,360.8999938964844,361.04998779296875,349.6000061035156,352.79998779296875,350.5090637207031,13580.0
2019-05-17,354.95001220703125,358.04998779296875,346.54998779296875,351.45001220703125,349.1678771972656,4561.0
2019-05-20,370.0,374.0,354.95001220703125,357.3999938964844,355.0792236328125,5094.0
2019-05-21,358.04998779296875,364.0,352.1000061035156,356.8500061035156,354.5328063964844,3895.0
2019-05-22,364.0,364.0,356.04998779296875,361.0,358.6558532714844,1555.0
2019-05-23,370.0,375.95001220703125,361.6000061035156,366.3500061035156,363.9710998535156,4300.0
2019-05-24,363.5,363.6000061035156,352.04998779296875,359.5,357.16558837890625,6641.0
2019-05-27,360.75,387.0,360.75,383.0,380.51300048828125,7101.0
2019-05-28,381.0,391.0,365.1000061035156,370.1000061035156,367.6967468261719,3305.0
2019-05-29,375.29998779296875,385.0,371.04998779296875,382.1499938964844,379.6684875488281,4446.0
2019-05-30,383.75,386.0,375.0,381.6000061035156,379.1220703125,3665.0
2019-05-31,372.04998779296875,380.70001220703125,365.04998779296875,366.6499938964844,364.2691345214844,3323.0
2019-06-03,366.0,378.0,357.0,364.45001220703125,362.0834655761719,10912.0
2019-06-04,365.6499938964844,372.95001220703125,363.6000061035156,365.5,363.1266174316406,1731.0
2019-06-06,365.04998779296875,375.8999938964844,361.04998779296875,369.70001220703125,367.2993469238281,2697.0
2019-06-07,370.04998779296875,381.3999938964844,368.0,379.8500061035156,377.3834533691406,4333.0
2019-06-10,381.95001220703125,381.95001220703125,352.6000061035156,360.1499938964844,357.8113708496094,8068.0
2019-06-11,360.0,372.0,360.0,363.1499938964844,360.7918701171875,3448.0
2019-06-12,364.95001220703125,365.04998779296875,355.04998779296875,357.8999938964844,355.5759582519531,2237.0
2019-06-13,359.1000061035156,362.8500061035156,351.0,353.5,351.2045593261719,2428.0
2019-06-14,360.95001220703125,361.0,350.04998779296875,352.3999938964844,350.1116943359375,1371.0
2019-06-17,370.0,370.0,350.0,350.45001220703125,348.1743469238281,3489.0
2019-06-18,355.79998779296875,367.45001220703125,346.54998779296875,357.20001220703125,354.8805236816406,4726.0
2019-06-19,362.3500061035156,372.0,352.0,356.8999938964844,354.58245849609375,2737.0
2019-06-20,360.0,360.0,340.20001220703125,344.0,341.7662353515625,7991.0
2019-06-21,349.8500061035156,358.95001220703125,346.25,352.54998779296875,350.2607116699219,1137.0
2019-06-24,354.8500061035156,357.25,336.8999938964844,340.6499938964844,338.43798828125,4236.0
2019-06-25,341.04998779296875,353.29998779296875,336.0,351.3999938964844,349.1181640625,4871.0
2019-06-26,351.3500061035156,351.3999938964844,340.0,344.3500061035156,342.11395263671875,1972.0
2019-06-27,343.1000061035156,357.6499938964844,339.0,355.0,352.6947937011719,14846.0
2019-06-28,350.04998779296875,360.1000061035156,341.04998779296875,347.25,344.9951171875,25655.0
2019-07-01,349.8999938964844,349.95001220703125,334.0,338.1000061035156,335.904541015625,7491.0
2019-07-02,347.79998779296875,355.0,335.1499938964844,352.6499938964844,350.36004638671875,4820.0
2019-07-03,352.04998779296875,352.04998779296875,341.8500061035156,346.5,344.25,3503.0
2019-07-04,344.0,348.0,340.0,341.04998779296875,338.83538818359375,2272.0
2019-07-05,344.6000061035156,355.0,311.6499938964844,320.6499938964844,318.5678405761719,14100.0
2019-07-08,322.3500061035156,332.0,313.25,320.3500061035156,318.2698059082031,7378.0
2019-07-09,320.04998779296875,324.79998779296875,315.29998779296875,315.95001220703125,313.89837646484375,46256.0
2019-07-10,313.25,313.25,289.0,298.0,296.06494140625,16421.0
2019-07-11,304.70001220703125,311.0,300.0,305.29998779296875,303.3175048828125,7669.0
2019-07-12,306.1000061035156,327.3999938964844,303.8500061035156,306.04998779296875,304.0626525878906,43015.0
2019-07-15,305.04998779296875,317.54998779296875,302.45001220703125,313.0,310.967529296875,42527.0
2019-07-16,313.75,323.79998779296875,310.0,317.20001220703125,315.1402587890625,68965.0
2019-07-17,317.3500061035156,319.0,315.0,315.79998779296875,313.74932861328125,38383.0
2019-07-18,316.0,346.3999938964844,312.0,338.04998779296875,335.8548583984375,194209.0
2019-07-19,337.0,339.0,322.0,331.0,328.85064697265625,44843.0
2019-07-22,328.3500061035156,345.0,313.25,335.29998779296875,333.1227111816406,45393.0
2019-07-23,331.45001220703125,356.3500061035156,330.54998779296875,347.20001220703125,344.9454650878906,118926.0
2019-07-24,342.1000061035156,345.0,338.04998779296875,341.54998779296875,339.3321228027344,3009.0
2019-07-25,341.8999938964844,356.0,341.8999938964844,353.0,350.7077941894531,13028.0
2019-07-26,357.8999938964844,357.95001220703125,340.0,341.54998779296875,339.3321228027344,2191.0
2019-07-29,341.6000061035156,343.45001220703125,331.0,331.95001220703125,329.79449462890625,1100.0
2019-07-30,326.3500061035156,335.20001220703125,326.3500061035156,330.75,328.6022644042969,1717.0
2019-07-31,329.04998779296875,351.3999938964844,320.04998779296875,338.79998779296875,336.5999755859375,5627.0
2019-08-01,332.04998779296875,339.0,331.29998779296875,333.29998779296875,331.1357116699219,3977.0
2019-08-02,331.8500061035156,339.3999938964844,320.04998779296875,332.95001220703125,330.7879943847656,1459.0
2019-08-05,336.1000061035156,337.0,305.1499938964844,327.1000061035156,324.9759826660156,4744.0
2019-08-06,329.95001220703125,334.95001220703125,320.20001220703125,325.8999938964844,323.78375244140625,2553.0
2019-08-07,319.95001220703125,327.79998779296875,313.0,314.6000061035156,312.5571594238281,45075.0
2019-08-08,314.6000061035156,314.6000061035156,291.79998779296875,298.8500061035156,296.909423828125,7580.0
2019-08-09,297.25,318.54998779296875,291.6499938964844,294.79998779296875,292.8857116699219,11163.0
2019-08-13,288.0,295.0,268.1000061035156,269.6000061035156,267.849365234375,13582.0
2019-08-14,269.04998779296875,275.8999938964844,269.0,274.6000061035156,272.81689453125,2162.0
2019-08-16,284.75,284.75,275.0,282.6000061035156,280.76495361328125,2430.0
2019-08-19,293.95001220703125,294.0,278.04998779296875,281.29998779296875,279.4733581542969,874.0
2019-08-20,278.0,291.54998779296875,273.6499938964844,284.6499938964844,282.8016052246094,1641.0
2019-08-21,296.8999938964844,296.8999938964844,269.0,271.6000061035156,269.83636474609375,516.0
2019-08-22,270.1000061035156,274.0,262.0,264.04998779296875,262.33538818359375,2744.0
2019-08-23,260.0,280.0,258.0,261.04998779296875,259.3548583984375,4329.0
2019-08-26,256.79998779296875,279.0,255.0,258.29998779296875,256.6227111816406,2139.0
2019-08-27,257.04998779296875,277.6499938964844,257.04998779296875,263.79998779296875,262.0870056152344,4530.0
2019-08-28,267.95001220703125,270.0,252.0,254.5,252.84739685058594,3709.0
2019-08-29,252.0500030517578,265.0,244.1999969482422,245.5,243.9058380126953,5285.0
2019-08-30,250.0,259.6000061035156,246.0,248.60000610351562,246.9857177734375,7372.0
2019-09-03,242.0,253.9499969482422,242.0,246.89999389648438,245.2967529296875,1391.0
2019-09-04,245.4499969482422,249.35000610351562,245.0,245.1999969482422,243.6077880859375,1080.0
2019-09-05,246.5,258.6499938964844,245.9499969482422,253.0,251.35714721679688,954.0
2019-09-06,254.9499969482422,255.0,250.0,253.85000610351562,252.20162963867188,1561.0
2019-09-09,260.0,260.0,233.10000610351562,236.0,234.467529296875,29122.0
2019-09-11,235.0500030517578,244.75,235.0500030517578,237.85000610351562,236.30552673339844,4769.0
2019-09-12,245.0,255.0,242.0,247.0500030517578,245.44578552246094,9436.0
2019-09-13,250.0,260.0,244.0,254.10000610351562,252.45001220703125,2535.0
2019-09-16,254.9499969482422,255.0,246.0500030517578,252.6999969482422,252.6999969482422,2756.0
2019-09-17,260.0,260.0,246.0500030517578,252.10000610351562,252.10000610351562,3332.0
2019-09-18,253.5,255.0,244.25,250.64999389648438,250.64999389648438,2625.0
2019-09-19,253.5500030517578,253.6999969482422,239.0,242.14999389648438,242.14999389648438,5844.0
2019-09-20,243.35000610351562,255.0,243.0,250.35000610351562,250.35000610351562,5922.0
2019-09-23,255.0,255.0,245.0,254.64999389648438,254.64999389648438,11127.0
2019-09-24,266.8999938964844,266.8999938964844,247.0,253.89999389648438,253.89999389648438,5617.0
2019-09-25,254.0,255.0,246.10000610351562,248.9499969482422,248.9499969482422,10627.0
2019-09-26,252.60000610351562,254.0,243.64999389648438,247.3000030517578,247.3000030517578,2062.0
2019-09-27,248.25,254.39999389648438,242.10000610351562,246.10000610351562,246.10000610351562,4861.0
2019-09-30,248.0,251.0,235.10000610351562,244.14999389648438,244.14999389648438,14452.0
2019-10-01,243.85000610351562,243.85000610351562,236.10000610351562,236.3000030517578,236.3000030517578,4965.0
2019-10-03,238.10000610351562,248.39999389648438,228.39999389648438,232.89999389648438,232.89999389648438,7318.0
2019-10-04,232.89999389648438,246.85000610351562,223.10000610351562,224.6999969482422,224.6999969482422,3453.0
2019-10-07,235.75,249.5,226.10000610351562,244.0500030517578,244.0500030517578,13849.0
2019-10-09,248.0,257.8999938964844,244.0,254.3000030517578,254.3000030517578,7200.0
2019-10-10,255.0,263.8500061035156,245.3000030517578,251.5500030517578,251.5500030517578,4324.0
2019-10-11,250.0500030517578,256.1000061035156,240.0,246.9499969482422,246.9499969482422,5214.0
2019-10-14,246.0,251.10000610351562,244.0,246.6999969482422,246.6999969482422,3034.0
2019-10-15,249.9499969482422,259.95001220703125,244.0,246.89999389648438,246.89999389648438,1852.0
2019-10-16,248.0500030517578,248.0500030517578,239.60000610351562,244.3000030517578,244.3000030517578,3205.0
2019-10-17,247.1999969482422,248.35000610351562,225.0,228.5,228.5,17194.0
2019-10-18,220.0,227.85000610351562,182.8000030517578,188.35000610351562,188.35000610351562,123665.0
2019-10-22,179.39999389648438,189.0,175.10000610351562,178.5500030517578,178.5500030517578,66993.0
2019-10-23,178.0,187.0,177.9499969482422,183.9499969482422,183.9499969482422,21388.0
2019-10-24,183.9499969482422,190.0,182.75,184.60000610351562,184.60000610351562,13318.0
2019-10-25,186.0,186.0,176.4499969482422,178.6999969482422,178.6999969482422,10065.0
2019-10-29,188.0,188.0,176.0500030517578,181.4499969482422,181.4499969482422,7096.0
2019-10-30,184.75,184.75,177.39999389648438,182.60000610351562,182.60000610351562,9073.0
2019-10-31,186.89999389648438,186.89999389648438,182.0500030517578,184.60000610351562,184.60000610351562,27596.0
2019-11-01,184.85000610351562,185.1999969482422,179.0,182.3000030517578,182.3000030517578,4863.0
2019-11-04,180.0,183.5500030517578,175.10000610351562,176.1999969482422,176.1999969482422,16622.0
2019-11-05,175.10000610351562,181.0,175.10000610351562,176.9499969482422,176.9499969482422,3294.0
2019-11-06,182.9499969482422,182.9499969482422,175.0,179.60000610351562,179.60000610351562,7372.0
2019-11-07,180.0500030517578,181.6999969482422,176.3000030517578,177.39999389648438,177.39999389648438,5041.0
2019-11-08,177.0500030517578,180.0,174.0,175.4499969482422,175.4499969482422,5786.0
2019-11-11,178.0,178.0,169.9499969482422,170.60000610351562,170.60000610351562,8897.0
2019-11-13,171.0,174.0,167.0,168.39999389648438,168.39999389648438,7876.0
2019-11-14,167.4499969482422,167.6999969482422,160.60000610351562,161.25,161.25,8156.0
2019-11-15,161.35000610351562,166.35000610351562,150.0,152.39999389648438,152.39999389648438,15988.0
2019-11-18,154.85000610351562,156.0,145.8000030517578,148.35000610351562,148.35000610351562,17807.0
2019-11-19,148.39999389648438,150.0,145.0,148.14999389648438,148.14999389648438,7531.0
2019-11-20,148.1999969482422,149.0500030517578,140.60000610351562,142.0,142.0,18025.0
2019-11-21,141.6999969482422,146.89999389648438,141.10000610351562,143.39999389648438,143.39999389648438,11605.0
2019-11-22,143.39999389648438,145.14999389648438,136.6999969482422,141.1999969482422,141.1999969482422,10347.0
2019-11-25,147.9499969482422,148.0,141.85000610351562,146.25,146.25,4989.0
2019-11-26,148.0,171.10000610351562,145.0,152.3000030517578,152.3000030517578,64211.0
2019-11-27,152.64999389648438,163.0,146.5,148.60000610351562,148.60000610351562,27415.0
2019-11-28,143.64999389648438,148.64999389648438,141.0500030517578,142.5500030517578,142.5500030517578,15273.0
2019-11-29,142.64999389648438,152.5,142.64999389648438,145.8000030517578,145.8000030517578,15398.0
2019-12-02,145.8000030517578,145.8000030517578,140.39999389648438,141.5500030517578,141.5500030517578,9280.0
2019-12-03,141.0,145.0500030517578,134.1999969482422,137.14999389648438,137.14999389648438,13722.0
2019-12-04,136.0500030517578,138.4499969482422,134.60000610351562,136.89999389648438,136.89999389648438,5816.0
2019-12-05,136.4499969482422,150.0,135.5,142.3000030517578,142.3000030517578,3817.0
2019-12-06,142.8000030517578,161.5,137.5500030517578,143.25,143.25,42187.0
2019-12-09,145.9499969482422,145.9499969482422,136.0,138.0,138.0,8498.0
2019-12-10,138.0500030517578,139.75,135.10000610351562,136.85000610351562,136.85000610351562,3940.0
2019-12-11,136.10000610351562,138.35000610351562,132.60000610351562,135.0,135.0,5821.0
2019-12-12,136.35000610351562,136.9499969482422,133.39999389648438,135.35000610351562,135.35000610351562,3369.0
2019-12-13,135.39999389648438,140.0,132.8000030517578,137.25,137.25,29704.0
2019-12-16,135.0,145.5,135.0,140.10000610351562,140.10000610351562,6592.0
2019-12-17,140.5500030517578,144.35000610351562,136.3000030517578,140.89999389648438,140.89999389648438,12316.0
2019-12-18,142.10000610351562,142.10000610351562,137.0,137.6999969482422,137.6999969482422,5440.0
2019-12-19,138.10000610351562,138.9499969482422,136.5500030517578,137.0500030517578,137.0500030517578,8659.0
2019-12-20,137.0500030517578,138.75,136.5500030517578,138.25,138.25,1046.0
2019-12-23,140.0,140.0,136.5,137.10000610351562,137.10000610351562,14317.0
2019-12-24,138.4499969482422,139.10000610351562,133.10000610351562,134.5,134.5,11807.0
2019-12-26,134.5500030517578,145.0,133.10000610351562,139.6999969482422,139.6999969482422,16319.0
2019-12-27,138.60000610351562,144.39999389648438,138.60000610351562,140.3000030517578,140.3000030517578,6457.0
2019-12-30,141.5500030517578,154.9499969482422,140.0,141.60000610351562,141.60000610351562,4858.0
2019-12-31,144.0500030517578,144.0500030517578,139.14999389648438,139.89999389648438,139.89999389648438,8387.0
2020-01-01,140.14999389648438,144.6999969482422,138.0500030517578,143.6999969482422,143.6999969482422,3950.0
2020-01-02,144.5500030517578,172.39999389648438,144.5500030517578,172.39999389648438,172.39999389648438,126713.0
2020-01-03,182.0,186.0,156.35000610351562,159.14999389648438,159.14999389648438,107873.0
2020-01-06,161.5500030517578,161.89999389648438,149.0,149.60000610351562,149.60000610351562,34766.0
2020-01-07,149.0,153.85000610351562,145.0,145.64999389648438,145.64999389648438,16050.0
2020-01-08,140.10000610351562,155.6999969482422,140.10000610351562,151.89999389648438,151.89999389648438,18169.0
2020-01-09,156.89999389648438,164.0,152.0,161.1999969482422,161.1999969482422,17820.0
2020-01-10,160.0,165.8000030517578,157.89999389648438,159.5500030517578,159.5500030517578,12610.0
2020-01-13,157.0,159.85000610351562,153.5500030517578,156.60000610351562,156.60000610351562,5804.0
2020-01-14,155.0,159.4499969482422,152.10000610351562,158.14999389648438,158.14999389648438,6208.0
2020-01-15,157.0,158.4499969482422,154.10000610351562,156.6999969482422,156.6999969482422,4675.0
2020-01-16,155.10000610351562,165.5,155.10000610351562,164.4499969482422,164.4499969482422,14518.0
2020-01-17,163.0,179.0,161.0500030517578,177.35000610351562,177.35000610351562,44250.0
2020-01-20,178.0,178.89999389648438,165.0,166.35000610351562,166.35000610351562,13612.0
2020-01-21,173.39999389648438,173.9499969482422,167.10000610351562,171.60000610351562,171.60000610351562,7115.0
2020-01-22,171.60000610351562,176.8000030517578,168.0,169.85000610351562,169.85000610351562,6723.0
2020-01-23,172.35000610351562,174.0,166.60000610351562,169.8000030517578,169.8000030517578,3398.0
2020-01-24,169.0,171.75,164.0500030517578,167.14999389648438,167.14999389648438,4530.0
2020-01-27,167.14999389648438,168.9499969482422,165.0,165.25,165.25,2035.0
2020-01-28,164.9499969482422,167.89999389648438,162.0,165.6999969482422,165.6999969482422,1949.0
2020-01-29,164.0,168.8000030517578,162.85000610351562,167.75,167.75,1110.0
2020-01-30,167.75,167.75,157.1999969482422,158.35000610351562,158.35000610351562,5580.0
2020-01-31,158.0500030517578,169.8000030517578,155.14999389648438,165.5,165.5,4683.0
2020-02-03,154.0,156.6999969482422,146.5500030517578,150.35000610351562,150.35000610351562,4180.0
2020-02-04,156.35000610351562,161.6999969482422,147.5,150.25,150.25,3848.0
2020-02-05,152.0,154.5500030517578,148.1999969482422,151.25,151.25,2410.0
2020-02-06,153.0,155.0,149.39999389648438,152.14999389648438,152.14999389648438,1250.0
2020-02-07,153.75,155.3000030517578,146.6999969482422,151.5500030517578,151.5500030517578,2180.0
2020-02-10,153.9499969482422,153.9499969482422,146.60000610351562,148.1999969482422,148.1999969482422,3620.0
2020-02-11,148.0500030517578,148.5,143.0,144.35000610351562,144.35000610351562,3957.0
2020-02-12,120.0,126.0,115.5,115.5,115.5,71028.0
2020-02-13,104.94999694824219,114.0,93.0,97.80000305175781,97.80000305175781,131669.0
2020-02-14,98.0,104.0,91.0999984741211,92.05000305175781,92.05000305175781,90923.0
2020-02-17,87.0,89.0999984741211,82.8499984741211,82.8499984741211,82.8499984741211,90456.0
2020-02-18,76.5999984741211,76.5999984741211,74.5999984741211,74.5999984741211,74.5999984741211,39000.0
2020-02-19,70.9000015258789,75.0,70.9000015258789,71.1500015258789,71.1500015258789,164862.0
2020-02-20,71.0,74.30000305175781,70.0999984741211,72.55000305175781,72.55000305175781,119090.0
2020-02-24,74.9000015258789,74.9000015258789,68.94999694824219,68.94999694824219,68.94999694824219,28032.0
2020-02-25,66.0999984741211,66.0999984741211,65.55000305175781,65.55000305175781,65.55000305175781,8544.0
2020-02-26,62.29999923706055,65.0,62.29999923706055,62.29999923706055,62.29999923706055,56341.0
2020-02-27,59.20000076293945,65.4000015258789,59.20000076293945,64.05000305175781,64.05000305175781,75470.0
2020-02-28,64.05000305175781,64.05000305175781,60.849998474121094,62.25,62.25,44128.0
2020-03-02,59.150001525878906,64.4000015258789,59.150001525878906,59.150001525878906,59.150001525878906,41993.0
2020-03-03,56.5,58.0,56.20000076293945,56.20000076293945,56.20000076293945,37645.0
2020-03-04,53.650001525878906,55.0,53.400001525878906,53.400001525878906,53.400001525878906,33218.0
2020-03-05,51.25,53.599998474121094,50.75,50.75,50.75,32847.0
2020-03-06,48.25,48.25,48.25,48.25,48.25,3091.0
2020-03-09,45.849998474121094,48.25,45.849998474121094,45.849998474121094,45.849998474121094,6254.0
2020-03-11,45.849998474121094,46.0,43.599998474121094,44.20000076293945,44.20000076293945,22587.0
2020-03-12,44.0,44.0,42.0,42.349998474121094,42.349998474121094,19153.0
2020-03-13,40.5,44.45000076293945,40.25,43.29999923706055,43.29999923706055,19110.0
2020-03-16,45.150001525878906,45.45000076293945,41.150001525878906,45.45000076293945,45.45000076293945,13744.0
2020-03-17,47.70000076293945,47.70000076293945,45.0,47.70000076293945,47.70000076293945,6575.0
2020-03-18,50.0,50.04999923706055,50.0,50.04999923706055,50.04999923706055,46548.0
2020-03-19,52.5,52.54999923706055,47.54999923706055,52.45000076293945,52.45000076293945,54106.0
2020-03-20,53.0,55.04999923706055,52.0,55.0,55.0,17320.0
2020-03-23,55.0,57.70000076293945,52.25,54.70000076293945,54.70000076293945,26549.0
2020-03-24,54.70000076293945,55.95000076293945,52.0,52.400001525878906,52.400001525878906,7840.0
2020-03-25,54.70000076293945,54.70000076293945,49.79999923706055,50.95000076293945,50.95000076293945,13773.0
2020-03-26,49.0,53.45000076293945,48.45000076293945,49.95000076293945,49.95000076293945,28787.0
2020-03-27,49.95000076293945,52.0,47.5,50.04999923706055,50.04999923706055,12133.0
2020-03-30,52.54999923706055,52.54999923706055,47.54999923706055,49.29999923706055,49.29999923706055,13587.0
2020-03-31,49.29999923706055,50.400001525878906,47.0,49.849998474121094,49.849998474121094,20437.0
2020-04-01,48.04999923706055,51.29999923706055,47.75,48.75,48.75,15936.0
2020-04-03,50.0,51.150001525878906,48.79999923706055,51.099998474121094,51.099998474121094,11784.0
2020-04-07,53.5,53.650001525878906,50.5,53.650001525878906,53.650001525878906,10984.0
2020-04-08,53.650001525878906,56.29999923706055,52.04999923706055,56.20000076293945,56.20000076293945,9893.0
2020-04-09,59.0,59.0,57.20000076293945,59.0,59.0,10685.0
2020-04-13,61.95000076293945,61.95000076293945,61.95000076293945,61.95000076293945,61.95000076293945,3914.0
2020-04-15,65.0,65.0,65.0,65.0,65.0,2333.0
2020-04-16,68.25,68.25,68.25,68.25,68.25,3758.0
2020-04-17,71.6500015258789,71.6500015258789,71.6500015258789,71.6500015258789,71.6500015258789,1601.0
2020-04-20,75.19999694824219,75.19999694824219,75.19999694824219,75.19999694824219,75.19999694824219,2885.0
2020-04-21,78.94999694824219,78.94999694824219,75.5,78.94999694824219,78.94999694824219,51260.0
2020-04-22,82.8499984741211,82.8499984741211,80.0,82.8499984741211,82.8499984741211,37155.0
2020-04-23,86.94999694824219,86.94999694824219,83.5,86.94999694824219,86.94999694824219,44573.0
2020-04-24,91.25,91.25,87.0,90.6500015258789,90.6500015258789,50566.0
2020-04-27,89.0,95.1500015258789,89.0,95.1500015258789,95.1500015258789,57254.0
2020-04-28,98.75,99.9000015258789,93.44999694824219,99.9000015258789,99.9000015258789,54110.0
2020-04-29,104.8499984741211,104.8499984741211,103.0,104.8499984741211,104.8499984741211,60201.0
2020-04-30,110.05000305175781,110.05000305175781,107.0,110.0,110.0,86066.0
2020-05-04,111.9000015258789,111.9000015258789,104.5,104.5,104.5,15346.0
2020-05-05,99.30000305175781,99.30000305175781,99.30000305175781,99.30000305175781,99.30000305175781,5575.0
2020-05-06,94.3499984741211,94.3499984741211,94.3499984741211,94.3499984741211,94.3499984741211,1125.0
2020-05-07,89.6500015258789,89.6500015258789,89.6500015258789,89.6500015258789,89.6500015258789,3388.0
2020-05-08,85.25,85.25,85.19999694824219,85.19999694824219,85.19999694824219,2443.0
2020-05-11,80.94999694824219,84.5999984741211,80.94999694824219,80.94999694824219,80.94999694824219,47824.0
2020-05-12,76.94999694824219,76.94999694824219,76.94999694824219,76.94999694824219,76.94999694824219,8814.0
2020-05-13,73.1500015258789,74.94999694824219,73.1500015258789,73.1500015258789,73.1500015258789,36451.0
2020-05-14,70.1500015258789,76.80000305175781,69.5,74.69999694824219,74.69999694824219,61782.0
2020-05-15,78.4000015258789,78.4000015258789,75.05000305175781,78.30000305175781,78.30000305175781,77193.0
2020-05-18,78.44999694824219,80.5,74.4000015258789,74.4000015258789,74.4000015258789,17702.0
2020-05-19,71.44999694824219,73.94999694824219,70.69999694824219,70.69999694824219,70.69999694824219,17185.0
2020-05-20,70.69999694824219,71.94999694824219,68.1500015258789,70.4000015258789,70.4000015258789,7613.0
2020-05-21,73.69999694824219,73.69999694824219,69.0,69.9000015258789,69.9000015258789,7562.0
2020-05-22,72.44999694824219,73.3499984741211,68.1500015258789,72.9000015258789,72.9000015258789,56741.0
2020-05-26,72.9000015258789,76.44999694824219,69.30000305175781,70.80000305175781,70.80000305175781,10202.0
2020-05-27,72.8499984741211,72.8499984741211,69.30000305175781,71.4000015258789,71.4000015258789,8218.0
2020-05-28,69.4000015258789,73.0,68.94999694824219,69.1500015258789,69.1500015258789,30408.0
2020-05-29,71.9000015258789,71.9000015258789,65.69999694824219,69.9000015258789,69.9000015258789,47065.0
2020-06-01,72.4000015258789,72.9000015258789,68.0999984741211,69.55000305175781,69.55000305175781,80632.0
2020-06-02,71.44999694824219,71.44999694824219,68.69999694824219,68.9000015258789,68.9000015258789,51681.0
2020-06-03,70.8499984741211,70.9000015258789,67.5,69.8499984741211,69.8499984741211,117941.0
2020-06-04,70.5,71.44999694824219,69.5,70.05000305175781,70.05000305175781,64599.0
2020-06-05,72.5,72.9000015258789,69.5,70.0,70.0,128500.0
2020-06-08,72.0,73.5,69.55000305175781,73.5,73.5,276078.0
2020-06-09,77.1500015258789,77.1500015258789,69.8499984741211,70.9000015258789,70.9000015258789,100458.0
2020-06-10,71.55000305175781,72.05000305175781,67.4000015258789,67.5,67.5,113525.0
2020-06-11,70.0,70.80000305175781,64.5,67.3499984741211,67.3499984741211,137726.0
2020-06-12,64.0,70.0,64.0,68.05000305175781,68.05000305175781,52867.0
2020-06-15,69.9000015258789,70.9000015258789,65.25,68.3499984741211,68.3499984741211,30271.0
2020-06-16,69.8499984741211,70.5,65.75,67.4000015258789,67.4000015258789,70256.0
2020-06-17,67.5999984741211,69.25,65.0,66.94999694824219,66.94999694824219,67210.0
2020-06-18,65.5,70.25,63.95000076293945,65.94999694824219,65.94999694824219,279296.0
2020-06-19,67.0,68.8499984741211,66.5,67.05000305175781,67.05000305175781,99906.0
2020-06-22,67.1500015258789,69.9000015258789,67.1500015258789,68.6500015258789,68.6500015258789,95394.0
2020-06-23,69.75,70.6500015258789,67.8499984741211,68.0,68.0,135487.0
2020-06-24,69.44999694824219,69.94999694824219,65.69999694824219,66.25,66.25,151857.0
2020-06-25,65.5999984741211,67.94999694824219,65.0999984741211,65.55000305175781,65.55000305175781,72658.0
2020-06-26,65.6500015258789,67.5,64.0,64.5,64.5,243114.0
2020-06-29,65.5999984741211,67.69999694824219,64.0999984741211,64.8499984741211,64.8499984741211,154213.0
2020-06-30,65.94999694824219,65.94999694824219,63.0,63.150001525878906,63.150001525878906,61854.0
2020-07-01,62.04999923706055,64.5999984741211,62.04999923706055,62.849998474121094,62.849998474121094,41070.0
2020-07-02,62.349998474121094,64.0999984741211,62.20000076293945,62.5,62.5,75215.0
2020-07-03,62.95000076293945,64.8499984741211,60.0,62.25,62.25,124117.0
2020-07-06,62.849998474121094,62.849998474121094,59.650001525878906,60.599998474121094,60.599998474121094,289644.0
2020-07-07,61.099998474121094,61.099998474121094,58.349998474121094,59.099998474121094,59.099998474121094,96100.0
2020-07-08,59.849998474121094,62.04999923706055,59.5,61.95000076293945,61.95000076293945,216146.0
2020-07-09,62.95000076293945,65.0,62.900001525878906,65.0,65.0,160092.0
2020-07-10,66.6500015258789,68.25,62.04999923706055,64.0999984741211,64.0999984741211,273141.0
2020-07-13,65.94999694824219,65.94999694824219,60.900001525878906,61.599998474121094,61.599998474121094,114488.0
2020-07-14,62.0,62.70000076293945,60.849998474121094,61.400001525878906,61.400001525878906,38182.0
2020-07-15,61.04999923706055,64.0,59.5,60.150001525878906,60.150001525878906,51505.0
2020-07-16,61.45000076293945,62.900001525878906,58.599998474121094,61.849998474121094,61.849998474121094,52246.0
2020-07-17,62.900001525878906,63.79999923706055,61.0,63.20000076293945,63.20000076293945,56473.0
2020-07-20,64.8499984741211,64.8499984741211,62.5,62.75,62.75,24337.0
2020-07-21,63.70000076293945,63.70000076293945,60.04999923706055,62.650001525878906,62.650001525878906,62109.0
2020-07-22,61.25,65.0,61.25,63.0,63.0,97725.0
2020-07-23,64.44999694824219,64.44999694824219,62.099998474121094,62.849998474121094,62.849998474121094,35436.0
2020-07-24,62.04999923706055,62.900001525878906,60.54999923706055,62.0,62.0,66369.0
2020-07-27,62.95000076293945,65.0999984741211,62.150001525878906,65.0999984741211,65.0999984741211,393235.0
2020-07-28,66.25,66.75,65.0999984741211,66.1500015258789,66.1500015258789,107641.0
2020-07-29,66.19999694824219,66.44999694824219,62.849998474121094,63.0,63.0,153872.0
2020-07-30,59.849998474121094,59.849998474121094,59.849998474121094,59.849998474121094,59.849998474121094,52060.0
2020-07-31,56.900001525878906,56.900001525878906,56.900001525878906,56.900001525878906,56.900001525878906,25375.0
2020-08-03,54.099998474121094,54.099998474121094,54.099998474121094,54.099998474121094,54.099998474121094,50426.0
2020-08-04,51.400001525878906,56.79999923706055,51.400001525878906,52.79999923706055,52.79999923706055,276517.0
2020-08-05,55.0,55.25,52.79999923706055,53.54999923706055,53.54999923706055,285892.0
2020-08-06,55.0,55.5,52.79999923706055,53.20000076293945,53.20000076293945,194129.0
2020-08-07,53.349998474121094,54.0,51.45000076293945,52.0,52.0,121390.0
2020-08-10,52.25,53.54999923706055,52.25,52.95000076293945,52.95000076293945,67141.0
2020-08-11,53.0,54.5,53.0,53.900001525878906,53.900001525878906,140123.0
2020-08-12,54.75,56.54999923706055,53.54999923706055,56.54999923706055,56.54999923706055,248648.0
2020-08-13,58.95000076293945,59.349998474121094,58.0,59.349998474121094,59.349998474121094,88505.0
2020-08-14,61.79999923706055,61.900001525878906,56.400001525878906,56.75,56.75,157514.0
2020-08-17,57.04999923706055,58.20000076293945,56.79999923706055,57.400001525878906,57.400001525878906,49824.0
2020-08-18,57.400001525878906,60.25,56.5,60.150001525878906,60.150001525878906,110663.0
2020-08-19,58.650001525878906,62.599998474121094,58.650001525878906,61.400001525878906,61.400001525878906,120844.0
2020-08-20,61.400001525878906,63.0,60.5,62.75,62.75,113695.0
2020-08-21,63.0,64.4000015258789,62.900001525878906,63.79999923706055,63.79999923706055,86780.0
2020-08-24,65.0,66.94999694824219,65.0,66.94999694824219,66.94999694824219,131610.0
2020-08-25,70.25,70.25,63.79999923706055,68.30000305175781,68.30000305175781,342739.0
2020-08-26,69.80000305175781,69.80000305175781,67.55000305175781,69.0999984741211,69.0999984741211,103630.0
2020-08-27,70.0,70.80000305175781,68.0,68.44999694824219,68.44999694824219,121732.0
2020-08-28,68.44999694824219,68.44999694824219,66.25,67.0,67.0,105824.0
2020-08-31,66.5,67.5,63.650001525878906,63.650001525878906,63.650001525878906,126051.0
2020-09-01,61.0,66.80000305175781,61.0,61.95000076293945,61.95000076293945,56052.0
2020-09-02,63.45000076293945,65.0,62.0,65.0,65.0,56616.0
2020-09-03,67.30000305175781,68.25,62.25,68.25,68.25,201492.0
2020-09-04,67.94999694824219,69.69999694824219,65.8499984741211,66.30000305175781,66.30000305175781,86271.0
2020-09-07,66.30000305175781,67.0,63.5,63.95000076293945,63.95000076293945,71945.0
2020-09-08,66.5,66.5,61.150001525878906,62.650001525878906,62.650001525878906,45850.0
2020-09-09,62.75,63.599998474121094,59.54999923706055,60.25,60.25,60034.0
2020-09-10,60.25,63.0,60.0,62.0,62.0,58467.0
2020-09-11,63.5,63.5,61.5,62.04999923706055,62.04999923706055,21708.0
2020-09-14,63.79999923706055,65.1500015258789,62.25,64.94999694824219,64.94999694824219,83382.0
2020-09-15,67.0,67.25,62.099998474121094,63.04999923706055,63.04999923706055,115695.0
2020-09-16,62.5,64.0,61.45000076293945,62.099998474121094,62.099998474121094,54853.0
2020-09-17,63.45000076293945,63.45000076293945,60.0,60.650001525878906,60.650001525878906,60798.0
2020-09-18,61.0,63.0,58.25,60.150001525878906,60.150001525878906,103380.0
2020-09-21,61.25,61.95000076293945,57.150001525878906,57.150001525878906,57.150001525878906,85811.0
2020-09-22,56.20000076293945,57.20000076293945,54.29999923706055,55.04999923706055,55.04999923706055,80428.0
2020-09-23,56.349998474121094,57.599998474121094,55.349998474121094,57.150001525878906,57.150001525878906,29851.0
2020-09-24,56.79999923706055,56.79999923706055,54.54999923706055,55.400001525878906,55.400001525878906,26334.0
2020-09-25,57.5,57.5,55.75,56.400001525878906,56.400001525878906,30050.0
2020-09-28,57.0,58.79999923706055,57.0,58.150001525878906,58.150001525878906,24039.0
2020-09-29,58.900001525878906,58.900001525878906,56.25,57.0,57.0,21931.0
2020-09-30,57.45000076293945,58.0,57.150001525878906,57.400001525878906,57.400001525878906,11739.0
2020-10-01,59.04999923706055,60.25,59.04999923706055,60.25,60.25,25429.0
2020-10-05,62.650001525878906,62.79999923706055,58.95000076293945,59.5,59.5,42332.0
2020-10-06,60.70000076293945,60.900001525878906,59.04999923706055,59.900001525878906,59.900001525878906,25429.0
2020-10-07,61.0,62.849998474121094,59.20000076293945,60.70000076293945,60.70000076293945,68955.0
2020-10-08,61.900001525878906,61.900001525878906,58.650001525878906,59.650001525878906,59.650001525878906,31796.0
2020-10-09,60.650001525878906,60.650001525878906,58.900001525878906,59.20000076293945,59.20000076293945,16216.0
2020-10-12,60.0,60.349998474121094,57.650001525878906,57.95000076293945,57.95000076293945,16597.0
2020-10-13,59.0,59.0,56.599998474121094,56.95000076293945,56.95000076293945,23421.0
2020-10-14,59.79999923706055,59.79999923706055,56.0,57.29999923706055,57.29999923706055,18196.0
2020-10-15,57.5,58.0,56.29999923706055,56.54999923706055,56.54999923706055,15335.0
2020-10-16,55.75,57.900001525878906,55.75,56.849998474121094,56.849998474121094,10418.0
2020-10-19,56.75,57.849998474121094,56.04999923706055,56.70000076293945,56.70000076293945,18858.0
2020-10-20,56.70000076293945,57.79999923706055,56.04999923706055,56.20000076293945,56.20000076293945,12539.0
2020-10-21,57.599998474121094,57.599998474121094,55.599998474121094,56.099998474121094,56.099998474121094,16593.0
2020-10-22,57.45000076293945,57.45000076293945,55.45000076293945,56.599998474121094,56.599998474121094,11107.0
2020-10-23,58.0,58.0,56.04999923706055,56.849998474121094,56.849998474121094,14871.0
2020-10-26,58.45000076293945,58.650001525878906,56.0,56.79999923706055,56.79999923706055,16714.0
2020-10-27,56.0,57.0,55.04999923706055,56.04999923706055,56.04999923706055,28654.0
2020-10-28,56.599998474121094,56.599998474121094,53.599998474121094,55.849998474121094,55.849998474121094,23840.0
2020-10-29,55.849998474121094,55.849998474121094,53.75,54.75,54.75,18422.0
2020-10-30,54.29999923706055,56.75,54.25,54.900001525878906,54.900001525878906,12663.0
2020-11-02,55.599998474121094,55.599998474121094,53.5,53.79999923706055,53.79999923706055,15677.0
2020-11-03,53.599998474121094,54.650001525878906,52.0,53.400001525878906,53.400001525878906,19476.0
2020-11-04,54.20000076293945,54.400001525878906,53.0,53.5,53.5,27145.0
2020-11-05,54.400001525878906,55.0,53.599998474121094,54.54999923706055,54.54999923706055,31246.0
2020-11-06,54.599998474121094,55.75,53.79999923706055,54.20000076293945,54.20000076293945,47476.0
2020-11-09,55.900001525878906,55.900001525878906,53.599998474121094,54.70000076293945,54.70000076293945,22050.0
2020-11-10,52.29999923706055,53.79999923706055,52.04999923706055,53.20000076293945,53.20000076293945,101235.0
2020-11-11,52.79999923706055,54.0,52.79999923706055,53.54999923706055,53.54999923706055,43066.0
2020-11-12,54.099998474121094,54.099998474121094,51.400001525878906,52.70000076293945,52.70000076293945,84952.0
2020-11-13,53.5,53.5,52.0,53.04999923706055,53.04999923706055,29980.0
2020-11-17,53.5,54.79999923706055,53.0,54.650001525878906,54.650001525878906,28687.0
2020-11-18,54.0,56.900001525878906,54.0,55.70000076293945,55.70000076293945,63613.0
2020-11-19,55.79999923706055,57.20000076293945,54.25,54.900001525878906,54.900001525878906,78936.0
2020-11-20,56.79999923706055,56.79999923706055,54.099998474121094,54.849998474121094,54.849998474121094,24773.0
2020-11-23,55.79999923706055,55.79999923706055,53.79999923706055,54.70000076293945,54.70000076293945,39500.0
2020-11-24,55.70000076293945,55.70000076293945,54.75,55.25,55.25,19936.0
2020-11-25,55.45000076293945,56.95000076293945,55.400001525878906,56.20000076293945,56.20000076293945,34380.0
2020-11-26,56.20000076293945,57.0,55.75,56.79999923706055,56.79999923706055,20161.0
2020-11-27,56.79999923706055,57.900001525878906,56.5,57.20000076293945,57.20000076293945,32695.0
2020-12-01,58.150001525878906,62.900001525878906,57.20000076293945,62.900001525878906,62.900001525878906,193201.0
2020-12-02,65.9000015258789,67.5,64.25,65.30000305175781,65.30000305175781,241014.0
2020-12-03,65.94999694824219,66.30000305175781,62.70000076293945,65.9000015258789,65.9000015258789,85812.0
2020-12-04,66.0,71.0,65.0999984741211,69.05000305175781,69.05000305175781,366530.0
2020-12-07,72.0,82.8499984741211,71.0999984741211,82.8499984741211,82.8499984741211,644612.0
2020-12-08,85.75,87.5,75.0,77.9000015258789,77.9000015258789,585347.0
2020-12-09,78.55000305175781,79.75,74.5,75.30000305175781,75.30000305175781,100875.0
2020-12-10,75.0,75.0,68.5,72.4000015258789,72.4000015258789,109587.0
2020-12-11,78.0,86.8499984741211,76.05000305175781,79.1500015258789,79.1500015258789,621063.0
2020-12-14,79.0,79.19999694824219,76.5,77.6500015258789,77.6500015258789,94441.0
2020-12-15,77.5,85.44999694824219,74.5999984741211,82.75,82.75,245319.0
2020-12-16,84.25,84.75,80.5,83.4000015258789,83.4000015258789,183234.0
2020-12-17,81.44999694824219,86.0,79.25,79.25,79.25,48218.0
2020-12-18,77.75,79.25,75.30000305175781,77.5,77.5,49606.0
2020-12-21,78.94999694824219,78.94999694824219,73.6500015258789,73.6500015258789,73.6500015258789,33977.0
2020-12-22,70.25,73.0,70.0,70.0,70.0,14877.0
2020-12-23,70.0999984741211,73.5,67.0,73.44999694824219,73.44999694824219,37883.0
2020-12-24,75.69999694824219,77.0,70.0,75.4000015258789,75.4000015258789,56921.0
2020-12-28,75.4000015258789,75.5999984741211,72.19999694824219,74.44999694824219,74.44999694824219,34841.0
2020-12-29,74.94999694824219,77.5,72.5999984741211,74.55000305175781,74.55000305175781,40053.0
2020-12-30,75.69999694824219,76.0,72.19999694824219,74.9000015258789,74.9000015258789,22313.0
2020-12-31,76.5,76.5,72.0999984741211,74.44999694824219,74.44999694824219,14378.0
2021-01-01,76.4000015258789,78.0,73.3499984741211,74.4000015258789,74.4000015258789,22066.0
2021-01-04,77.0,78.0999984741211,74.4000015258789,78.0999984741211,78.0999984741211,87758.0
2021-01-05,78.1500015258789,80.19999694824219,75.69999694824219,79.0,79.0,59161.0
2021-01-06,79.0,80.0,76.0999984741211,77.55000305175781,77.55000305175781,46201.0
2021-01-07,77.55000305175781,77.55000305175781,75.0,76.4000015258789,76.4000015258789,24244.0
2021-01-08,77.94999694824219,77.94999694824219,75.5,75.8499984741211,75.8499984741211,22708.0
2021-01-11,77.4000015258789,77.4000015258789,73.0,74.44999694824219,74.44999694824219,40755.0
2021-01-12,73.0,76.75,73.0,74.44999694824219,74.44999694824219,16121.0
2021-01-13,77.0,77.1500015258789,72.5,73.94999694824219,73.94999694824219,39056.0
2021-01-14,75.80000305175781,75.80000305175781,72.0999984741211,73.69999694824219,73.69999694824219,15502.0
2021-01-15,74.69999694824219,74.69999694824219,72.5,73.30000305175781,73.30000305175781,17200.0
2021-01-18,74.80000305175781,74.80000305175781,70.30000305175781,72.5999984741211,72.5999984741211,26076.0
2021-01-19,72.5999984741211,74.8499984741211,72.5,74.4000015258789,74.4000015258789,22590.0
2021-01-20,74.0,74.0,72.3499984741211,73.1500015258789,73.1500015258789,16408.0
2021-01-21,73.1500015258789,75.0,72.0,73.19999694824219,73.19999694824219,32028.0
2021-01-22,73.0,73.0,70.05000305175781,70.9000015258789,70.9000015258789,23695.0
2021-01-25,70.0,73.8499984741211,69.0,69.19999694824219,69.19999694824219,17906.0
2021-01-27,69.19999694824219,71.0,65.75,67.05000305175781,67.05000305175781,25596.0
2021-01-28,67.05000305175781,70.4000015258789,64.5,70.4000015258789,70.4000015258789,16239.0
2021-01-29,69.05000305175781,73.4000015258789,69.0,69.75,69.75,9226.0
2021-02-01,72.0,72.8499984741211,67.69999694824219,70.94999694824219,70.94999694824219,16640.0
2021-02-02,68.80000305175781,73.0,68.80000305175781,71.8499984741211,71.8499984741211,21348.0
2021-02-03,72.94999694824219,73.5,70.0,70.9000015258789,70.9000015258789,45052.0
2021-02-04,68.5,73.0,68.5,70.30000305175781,70.30000305175781,18395.0
2021-02-05,70.19999694824219,72.4000015258789,69.25,69.6500015258789,69.6500015258789,27368.0
2021-02-08,70.0,74.0999984741211,69.75,71.5,71.5,57991.0
2021-02-09,70.25,73.44999694824219,70.25,71.30000305175781,71.30000305175781,48052.0
2021-02-10,70.55000305175781,73.0,70.19999694824219,72.1500015258789,72.1500015258789,52656.0
2021-02-11,70.69999694824219,74.80000305175781,69.55000305175781,70.80000305175781,70.80000305175781,61991.0
2021-02-12,71.94999694824219,71.94999694824219,70.0,70.0999984741211,70.0999984741211,22642.0
2021-02-15,70.30000305175781,72.4000015258789,69.9000015258789,70.30000305175781,70.30000305175781,49487.0
2021-02-16,71.69999694824219,71.69999694824219,69.69999694824219,70.05000305175781,70.05000305175781,30096.0
2021-02-17,72.0,72.0,68.0,68.80000305175781,68.80000305175781,40347.0
2021-02-18,68.8499984741211,70.3499984741211,68.30000305175781,69.1500015258789,69.1500015258789,16225.0
2021-02-19,69.0,72.0999984741211,63.150001525878906,68.55000305175781,68.55000305175781,124449.0
2021-02-22,68.25,72.0,68.25,70.3499984741211,70.3499984741211,54217.0
2021-02-23,71.80000305175781,71.80000305175781,68.8499984741211,69.1500015258789,69.1500015258789,20096.0
2021-02-24,70.05000305175781,70.0999984741211,67.44999694824219,69.80000305175781,69.80000305175781,26577.0
2021-02-25,70.94999694824219,70.94999694824219,68.5,70.1500015258789,70.1500015258789,49293.0
2021-02-26,71.4000015258789,71.4000015258789,65.55000305175781,68.19999694824219,68.19999694824219,28726.0
2021-03-01,71.19999694824219,71.19999694824219,67.5,67.94999694824219,67.94999694824219,28655.0
2021-03-02,67.5,70.0,67.5,68.69999694824219,68.69999694824219,53473.0
2021-03-03,68.8499984741211,71.5,68.55000305175781,70.5999984741211,70.5999984741211,107548.0
2021-03-04,69.9000015258789,71.0999984741211,69.05000305175781,70.44999694824219,70.44999694824219,25048.0
2021-03-05,71.69999694824219,72.5,69.8499984741211,70.1500015258789,70.1500015258789,54190.0
2021-03-08,71.44999694824219,77.1500015258789,70.44999694824219,77.1500015258789,77.1500015258789,165772.0
2021-03-09,80.8499984741211,81.0,72.1500015258789,73.3499984741211,73.3499984741211,222187.0
2021-03-10,75.4000015258789,75.4000015258789,71.1500015258789,72.05000305175781,72.05000305175781,93039.0
2021-03-12,73.0,74.0,72.5,73.30000305175781,73.30000305175781,30115.0
2021-03-15,75.0,75.0,73.5,73.75,73.75,59674.0
2021-03-16,74.94999694824219,81.0999984741211,73.0,78.9000015258789,78.9000015258789,420626.0
2021-03-17,77.5,79.8499984741211,72.0999984741211,72.5999984741211,72.5999984741211,206704.0
2021-03-18,74.8499984741211,76.5,69.44999694824219,69.9000015258789,69.9000015258789,82380.0
2021-03-19,73.80000305175781,73.80000305175781,68.0,70.5,70.5,70904.0
2021-03-22,72.0,75.0,70.3499984741211,72.5999984741211,72.5999984741211,125968.0
2021-03-23,73.05000305175781,74.75,72.1500015258789,73.8499984741211,73.8499984741211,43777.0
2021-03-24,75.0,75.0,71.5,71.80000305175781,71.80000305175781,24563.0
2021-03-25,70.5999984741211,72.4000015258789,64.69999694824219,66.19999694824219,66.19999694824219,132344.0
2021-03-26,68.0,69.3499984741211,65.5,66.05000305175781,66.05000305175781,70790.0
2021-03-30,64.3499984741211,67.75,64.3499984741211,64.8499984741211,64.8499984741211,26763.0
2021-03-31,64.9000015258789,66.80000305175781,64.5,65.05000305175781,65.05000305175781,23248.0
2021-04-01,66.05000305175781,68.75,65.5999984741211,68.3499984741211,68.3499984741211,36683.0
2021-04-05,66.5999984741211,67.94999694824219,64.80000305175781,65.94999694824219,65.94999694824219,31491.0
2021-04-06,66.5999984741211,72.5,64.3499984741211,72.5,72.5,62002.0
2021-04-07,74.69999694824219,76.25,71.0,72.69999694824219,72.69999694824219,101641.0
2021-04-08,73.9000015258789,77.80000305175781,71.0,72.6500015258789,72.6500015258789,92820.0
2021-04-09,73.8499984741211,75.0,71.4000015258789,71.9000015258789,71.9000015258789,54231.0
2021-04-12,71.0,73.0999984741211,66.6500015258789,70.05000305175781,70.05000305175781,79444.0
2021-04-13,71.44999694824219,75.1500015258789,69.0999984741211,73.55000305175781,73.55000305175781,95763.0
2021-04-15,71.30000305175781,77.0999984741211,69.5,74.9000015258789,74.9000015258789,130121.0
2021-04-16,77.0,89.8499984741211,75.1500015258789,88.19999694824219,88.19999694824219,1735348.0
2021-04-19,87.80000305175781,89.69999694824219,82.0999984741211,83.44999694824219,83.44999694824219,472715.0
2021-04-20,86.0,88.25,84.0,84.9000015258789,84.9000015258789,177200.0
2021-04-22,85.0,96.69999694824219,83.0,94.44999694824219,94.44999694824219,666764.0
2021-04-23,94.75,99.0,89.75,90.5,90.5,364843.0
2021-04-26,91.0,93.4000015258789,85.0999984741211,86.25,86.25,130348.0
2021-04-27,86.75,94.0,81.0999984741211,92.55000305175781,92.55000305175781,195652.0
2021-04-28,93.0,107.44999694824219,93.0,100.1500015258789,100.1500015258789,1347501.0
2021-04-29,101.75,103.8499984741211,95.4000015258789,97.69999694824219,97.69999694824219,175824.0
2021-04-30,99.19999694824219,104.5,96.0,99.44999694824219,99.44999694824219,213738.0
2021-05-03,98.9000015258789,104.0,96.9000015258789,100.6500015258789,100.6500015258789,83140.0
2021-05-04,101.25,103.3499984741211,95.5,97.3499984741211,97.3499984741211,63578.0
2021-05-05,98.69999694824219,100.4000015258789,96.0,97.4000015258789,97.4000015258789,65735.0
2021-05-06,99.75,99.75,93.80000305175781,95.25,95.25,71556.0
2021-05-07,95.1500015258789,97.0,92.0999984741211,92.5999984741211,92.5999984741211,67585.0
2021-05-10,93.9000015258789,95.5,89.3499984741211,90.0999984741211,90.0999984741211,119054.0
2021-05-11,89.0,90.0,85.25,87.6500015258789,87.6500015258789,109852.0
2021-05-12,88.0999984741211,94.94999694824219,86.55000305175781,89.80000305175781,89.80000305175781,267080.0
2021-05-14,91.8499984741211,93.80000305175781,86.6500015258789,87.9000015258789,87.9000015258789,139277.0
2021-05-17,89.5999984741211,101.25,86.55000305175781,97.75,97.75,958549.0
2021-05-18,98.80000305175781,104.30000305175781,96.0999984741211,102.3499984741211,102.3499984741211,482192.0
2021-05-19,103.0,104.80000305175781,96.5999984741211,98.9000015258789,98.9000015258789,264310.0
2021-05-20,100.4000015258789,101.8499984741211,98.0,98.0999984741211,98.0999984741211,120568.0
2021-05-21,99.9000015258789,101.69999694824219,94.6500015258789,96.5,96.5,143435.0
2021-05-24,106.0,115.80000305175781,100.5999984741211,115.80000305175781,115.80000305175781,1010001.0
2021-05-25,121.9000015258789,138.9499969482422,121.0,138.9499969482422,138.9499969482422,1424658.0
2021-05-26,151.60000610351562,166.6999969482422,150.0,166.6999969482422,166.6999969482422,1942036.0
2021-05-27,169.8000030517578,180.9499969482422,150.0500030517578,152.4499969482422,152.4499969482422,1712914.0
2021-05-28,146.10000610351562,164.14999389648438,143.5,152.25,152.25,839351.0
2021-05-31,150.0,150.6999969482422,137.0500030517578,137.0500030517578,137.0500030517578,379772.0
2021-06-01,133.0500030517578,140.0,126.0999984741211,128.5,128.5,853530.0
2021-06-02,129.89999389648438,134.89999389648438,129.0,132.8000030517578,132.8000030517578,535755.0
2021-06-03,126.19999694824219,132.0,126.19999694824219,129.4499969482422,129.4499969482422,108256.0
2021-06-04,129.0,134.85000610351562,124.0,127.25,127.25,58784.0
